200 200 0 109
200 200 0 111
200 200 0 109
200 200 0 110
200 200 0 117
200 200 0 111
200 200 0 155
200 200 0 116
200 200 0 111
200 200 0 115
200 200 0 114
200 200 0 114
200 200 0 115
200 200 0 114
200 200 0 111
200 200 0 114
200 200 0 113
200 200 0 116
200 200 0 116
200 200 0 112
200 200 0 112
200 200 0 112
200 200 0 114
200 200 0 125
200 200 0 110
200 200 0 126
200 200 0 142
200 200 0 111
200 200 0 114
200 200 0 150
200 200 0 139
200 200 0 143
200 200 0 144
200 200 0 129
200 200 0 114
200 200 0 119
200 200 0 118
200 200 0 123
200 200 0 112
200 200 0 119
200 200 0 114
200 200 0 113
200 200 0 113
200 200 0 112
200 200 0 117
200 200 0 116
200 200 0 115
200 200 0 120
200 200 0 133
200 200 10 100
200 200 10 104
200 200 10 123
200 200 10 104
200 200 10 113
200 200 10 104
200 200 10 104
200 200 10 116
200 200 10 100
200 200 10 101
200 200 10 103
200 200 10 101
200 200 10 101
200 200 10 101
200 200 10 100
200 200 10 104
200 200 10 103
200 200 10 100
200 200 10 102
200 200 10 102
200 200 10 107
200 200 10 100
200 200 10 101
200 200 10 131
200 200 10 119
200 200 10 108
200 200 10 99
200 200 10 110
200 200 10 102
200 200 10 106
200 200 10 132
200 200 10 166
200 200 10 110
200 200 10 102
200 200 10 102
200 200 10 109
200 200 10 100
200 200 10 107
200 200 10 118
200 200 10 113
200 200 10 102
200 200 10 104
200 200 10 103
200 200 10 123
200 200 10 102
200 200 10 124
200 200 10 103
200 200 10 103
200 200 10 98
200 200 10 101
200 200 20 91
200 200 20 88
200 200 20 109
200 200 20 90
200 200 20 89
200 200 20 99
200 200 20 91
200 200 20 94
200 200 20 114
200 200 20 89
200 200 20 92
200 200 20 110
200 200 20 90
200 200 20 103
200 200 20 92
200 200 20 89
200 200 20 224
200 200 20 101
200 200 20 95
200 200 20 89
200 200 20 91
200 200 20 93
200 200 20 108
200 200 20 90
200 200 20 118
200 200 20 102
200 200 20 96
200 200 20 89
200 200 20 88
200 200 20 93
200 200 20 94
200 200 20 113
200 200 20 89
200 200 20 106
200 200 20 92
200 200 20 91
200 200 20 91
200 200 20 93
200 200 20 95
200 200 20 89
200 200 20 106
200 200 20 98
200 200 20 105
200 200 20 90
200 200 20 96
200 200 20 91
200 200 20 108
200 200 20 102
200 200 20 95
200 200 20 105
200 200 30 126
200 200 30 75
200 200 30 75
200 200 30 82
200 200 30 75
200 200 30 78
200 200 30 75
200 200 30 75
200 200 30 81
200 200 30 74
200 200 30 85
200 200 30 78
200 200 30 75
200 200 30 76
200 200 30 72
200 200 30 75
200 200 30 77
200 200 30 73
200 200 30 74
200 200 30 97
200 200 30 81
200 200 30 75
200 200 30 77
200 200 30 75
200 200 30 77
200 200 30 114
200 200 30 109
200 200 30 74
200 200 30 76
200 200 30 84
200 200 30 94
200 200 30 78
200 200 30 76
200 200 30 96
200 200 30 76
200 200 30 78
200 200 30 75
200 200 30 78
200 200 30 75
200 200 30 75
200 200 30 74
200 200 30 79
200 200 30 81
200 200 30 75
200 200 30 88
200 200 30 75
200 200 30 105
200 200 30 75
200 200 30 78
200 200 30 74
200 200 40 61
200 200 40 57
200 200 40 59
200 200 40 54
200 200 40 57
200 200 40 59
200 200 40 59
200 200 40 54
200 200 40 60
200 200 40 59
200 200 40 56
200 200 40 62
200 200 40 57
200 200 40 58
200 200 40 60
200 200 40 57
200 200 40 59
200 200 40 55
200 200 40 60
200 200 40 55
200 200 40 58
200 200 40 56
200 200 40 59
200 200 40 56
200 200 40 71
200 200 40 55
200 200 40 56
200 200 40 62
200 200 40 56
200 200 40 66
200 200 40 56
200 200 40 58
200 200 40 56
200 200 40 57
200 200 40 56
200 200 40 59
200 200 40 55
200 200 40 60
200 200 40 56
200 200 40 72
200 200 40 55
200 200 40 57
200 200 40 56
200 200 40 60
200 200 40 55
200 200 40 56
200 200 40 59
200 200 40 56
200 200 40 58
200 200 40 58
200 200 50 59
200 200 50 56
200 200 50 55
200 200 50 70
200 200 50 56
200 200 50 58
200 200 50 58
200 200 50 57
200 200 50 62
200 200 50 57
200 200 50 61
200 200 50 55
200 200 50 59
200 200 50 55
200 200 50 57
200 200 50 58
200 200 50 59
200 200 50 59
200 200 50 56
200 200 50 56
200 200 50 56
200 200 50 62
200 200 50 57
200 200 50 57
200 200 50 59
200 200 50 66
200 200 50 72
200 200 50 56
200 200 50 59
200 200 50 56
200 200 50 58
200 200 50 57
200 200 50 59
200 200 50 58
200 200 50 71
200 200 50 56
200 200 50 56
200 200 50 57
200 200 50 58
200 200 50 57
200 200 50 60
200 200 50 57
200 200 50 60
200 200 50 59
200 200 50 66
200 200 50 74
200 200 50 68
200 200 50 94
200 200 50 60
200 200 50 65
200 200 60 0
200 200 60 1
200 200 60 0
200 200 60 0
200 200 60 0
200 200 60 0
200 200 60 0
200 200 60 0
200 200 60 0
200 200 60 0
200 200 60 0
200 200 60 0
200 200 60 0
200 200 60 0
200 200 60 0
200 200 60 0
200 200 60 0
200 200 60 0
200 200 60 0
200 200 60 1
200 200 60 1
200 200 60 0
200 200 60 0
200 200 60 0
200 200 60 0
200 200 60 0
200 200 60 0
200 200 60 0
200 200 60 0
200 200 60 1
200 200 60 1
200 200 60 0
200 200 60 0
200 200 60 1
200 200 60 0
200 200 60 0
200 200 60 0
200 200 60 0
200 200 60 0
200 200 60 0
200 200 60 0
200 200 60 0
200 200 60 0
200 200 60 0
200 200 60 0
200 200 60 0
200 200 60 0
200 200 60 0
200 200 60 0
200 200 60 0
200 200 70 0
200 200 70 0
200 200 70 0
200 200 70 0
200 200 70 0
200 200 70 0
200 200 70 0
200 200 70 0
200 200 70 0
200 200 70 0
200 200 70 0
200 200 70 0
200 200 70 0
200 200 70 0
200 200 70 0
200 200 70 0
200 200 70 0
200 200 70 0
200 200 70 0
200 200 70 0
200 200 70 0
200 200 70 0
200 200 70 0
200 200 70 0
200 200 70 0
200 200 70 0
200 200 70 0
200 200 70 0
200 200 70 0
200 200 70 0
200 200 70 0
200 200 70 0
200 200 70 0
200 200 70 0
200 200 70 0
200 200 70 0
200 200 70 0
200 200 70 1
200 200 70 0
200 200 70 0
200 200 70 0
200 200 70 0
200 200 70 0
200 200 70 0
200 200 70 0
200 200 70 0
200 200 70 0
200 200 70 0
200 200 70 0
200 200 70 0
200 200 80 0
200 200 80 0
200 200 80 1
200 200 80 0
200 200 80 0
200 200 80 0
200 200 80 0
200 200 80 0
200 200 80 0
200 200 80 0
200 200 80 0
200 200 80 0
200 200 80 0
200 200 80 0
200 200 80 0
200 200 80 0
200 200 80 0
200 200 80 0
200 200 80 0
200 200 80 0
200 200 80 0
200 200 80 0
200 200 80 0
200 200 80 0
200 200 80 0
200 200 80 0
200 200 80 0
200 200 80 0
200 200 80 1
200 200 80 0
200 200 80 0
200 200 80 0
200 200 80 0
200 200 80 0
200 200 80 0
200 200 80 0
200 200 80 0
200 200 80 0
200 200 80 0
200 200 80 0
200 200 80 0
200 200 80 0
200 200 80 0
200 200 80 0
200 200 80 0
200 200 80 0
200 200 80 0
200 200 80 0
200 200 80 0
200 200 80 0
200 200 90 0
200 200 90 0
200 200 90 0
200 200 90 0
200 200 90 0
200 200 90 0
200 200 90 0
200 200 90 0
200 200 90 0
200 200 90 0
200 200 90 0
200 200 90 0
200 200 90 0
200 200 90 0
200 200 90 0
200 200 90 0
200 200 90 0
200 200 90 0
200 200 90 0
200 200 90 0
200 200 90 0
200 200 90 0
200 200 90 0
200 200 90 0
200 200 90 0
200 200 90 0
200 200 90 0
200 200 90 0
200 200 90 0
200 200 90 1
200 200 90 0
200 200 90 0
200 200 90 0
200 200 90 0
200 200 90 0
200 200 90 0
200 200 90 0
200 200 90 0
200 200 90 0
200 200 90 0
200 200 90 0
200 200 90 0
200 200 90 0
200 200 90 0
200 200 90 0
200 200 90 0
200 200 90 0
200 200 90 0
200 200 90 0
200 200 90 0
200 200 100 0
200 200 100 0
200 200 100 0
200 200 100 0
200 200 100 0
200 200 100 0
200 200 100 0
200 200 100 0
200 200 100 0
200 200 100 0
200 200 100 0
200 200 100 0
200 200 100 0
200 200 100 0
200 200 100 0
200 200 100 1
200 200 100 0
200 200 100 0
200 200 100 0
200 200 100 0
200 200 100 0
200 200 100 0
200 200 100 0
200 200 100 0
200 200 100 0
200 200 100 0
200 200 100 0
200 200 100 0
200 200 100 0
200 200 100 0
200 200 100 0
200 200 100 0
200 200 100 0
200 200 100 0
200 200 100 0
200 200 100 0
200 200 100 0
200 200 100 0
200 200 100 0
200 200 100 0
200 200 100 0
200 200 100 0
200 200 100 0
200 200 100 0
200 200 100 0
200 200 100 0
200 200 100 0
200 200 100 0
200 200 100 0
200 200 100 0
400 400 0 518
400 400 0 464
400 400 0 464
400 400 0 464
400 400 0 467
400 400 0 454
400 400 0 516
400 400 0 454
400 400 0 475
400 400 0 465
400 400 0 513
400 400 0 466
400 400 0 455
400 400 0 467
400 400 0 499
400 400 0 470
400 400 0 466
400 400 0 459
400 400 0 465
400 400 0 466
400 400 0 451
400 400 0 463
400 400 0 463
400 400 0 455
400 400 0 465
400 400 0 479
400 400 0 472
400 400 0 474
400 400 0 454
400 400 0 467
400 400 0 490
400 400 0 470
400 400 0 513
400 400 0 473
400 400 0 484
400 400 0 469
400 400 0 457
400 400 0 459
400 400 0 486
400 400 0 479
400 400 0 456
400 400 0 520
400 400 0 455
400 400 0 468
400 400 0 490
400 400 0 465
400 400 0 474
400 400 0 517
400 400 0 467
400 400 0 518
400 400 10 412
400 400 10 468
400 400 10 413
400 400 10 420
400 400 10 421
400 400 10 414
400 400 10 420
400 400 10 457
400 400 10 413
400 400 10 445
400 400 10 413
400 400 10 413
400 400 10 422
400 400 10 425
400 400 10 412
400 400 10 451
400 400 10 440
400 400 10 443
400 400 10 411
400 400 10 434
400 400 10 437
400 400 10 418
400 400 10 411
400 400 10 438
400 400 10 437
400 400 10 456
400 400 10 449
400 400 10 438
400 400 10 420
400 400 10 421
400 400 10 426
400 400 10 418
400 400 10 410
400 400 10 409
400 400 10 435
400 400 10 411
400 400 10 422
400 400 10 413
400 400 10 420
400 400 10 414
400 400 10 413
400 400 10 418
400 400 10 459
400 400 10 412
400 400 10 422
400 400 10 413
400 400 10 419
400 400 10 458
400 400 10 413
400 400 10 449
400 400 20 389
400 400 20 371
400 400 20 364
400 400 20 364
400 400 20 404
400 400 20 473
400 400 20 364
400 400 20 365
400 400 20 384
400 400 20 373
400 400 20 372
400 400 20 363
400 400 20 375
400 400 20 364
400 400 20 385
400 400 20 366
400 400 20 477
400 400 20 398
400 400 20 432
400 400 20 381
400 400 20 366
400 400 20 363
400 400 20 374
400 400 20 378
400 400 20 407
400 400 20 373
400 400 20 383
400 400 20 365
400 400 20 362
400 400 20 386
400 400 20 389
400 400 20 356
400 400 20 397
400 400 20 393
400 400 20 366
400 400 20 387
400 400 20 368
400 400 20 366
400 400 20 448
400 400 20 432
400 400 20 361
400 400 20 375
400 400 20 364
400 400 20 363
400 400 20 364
400 400 20 358
400 400 20 361
400 400 20 364
400 400 20 370
400 400 20 378
400 400 30 305
400 400 30 305
400 400 30 303
400 400 30 334
400 400 30 318
400 400 30 323
400 400 30 312
400 400 30 304
400 400 30 332
400 400 30 332
400 400 30 313
400 400 30 318
400 400 30 307
400 400 30 315
400 400 30 320
400 400 30 342
400 400 30 306
400 400 30 345
400 400 30 305
400 400 30 305
400 400 30 303
400 400 30 317
400 400 30 305
400 400 30 333
400 400 30 306
400 400 30 308
400 400 30 316
400 400 30 328
400 400 30 316
400 400 30 307
400 400 30 317
400 400 30 305
400 400 30 307
400 400 30 332
400 400 30 307
400 400 30 313
400 400 30 305
400 400 30 308
400 400 30 320
400 400 30 307
400 400 30 305
400 400 30 316
400 400 30 318
400 400 30 303
400 400 30 322
400 400 30 317
400 400 30 327
400 400 30 308
400 400 30 313
400 400 30 316
400 400 40 231
400 400 40 230
400 400 40 253
400 400 40 246
400 400 40 233
400 400 40 254
400 400 40 247
400 400 40 232
400 400 40 230
400 400 40 266
400 400 40 240
400 400 40 228
400 400 40 241
400 400 40 231
400 400 40 233
400 400 40 245
400 400 40 320
400 400 40 230
400 400 40 258
400 400 40 244
400 400 40 229
400 400 40 230
400 400 40 234
400 400 40 230
400 400 40 237
400 400 40 233
400 400 40 231
400 400 40 240
400 400 40 265
400 400 40 230
400 400 40 232
400 400 40 238
400 400 40 231
400 400 40 239
400 400 40 240
400 400 40 231
400 400 40 231
400 400 40 230
400 400 40 246
400 400 40 239
400 400 40 270
400 400 40 229
400 400 40 241
400 400 40 273
400 400 40 252
400 400 40 244
400 400 40 246
400 400 40 230
400 400 40 228
400 400 40 231
400 400 50 231
400 400 50 231
400 400 50 255
400 400 50 253
400 400 50 229
400 400 50 236
400 400 50 229
400 400 50 252
400 400 50 241
400 400 50 228
400 400 50 227
400 400 50 230
400 400 50 245
400 400 50 240
400 400 50 229
400 400 50 231
400 400 50 230
400 400 50 255
400 400 50 230
400 400 50 230
400 400 50 230
400 400 50 235
400 400 50 241
400 400 50 232
400 400 50 231
400 400 50 229
400 400 50 230
400 400 50 231
400 400 50 242
400 400 50 228
400 400 50 230
400 400 50 231
400 400 50 243
400 400 50 229
400 400 50 242
400 400 50 242
400 400 50 236
400 400 50 240
400 400 50 231
400 400 50 239
400 400 50 246
400 400 50 231
400 400 50 230
400 400 50 230
400 400 50 230
400 400 50 232
400 400 50 229
400 400 50 228
400 400 50 252
400 400 50 228
400 400 60 1
400 400 60 1
400 400 60 1
400 400 60 1
400 400 60 1
400 400 60 1
400 400 60 1
400 400 60 1
400 400 60 1
400 400 60 1
400 400 60 1
400 400 60 1
400 400 60 1
400 400 60 1
400 400 60 1
400 400 60 1
400 400 60 1
400 400 60 1
400 400 60 1
400 400 60 1
400 400 60 1
400 400 60 1
400 400 60 1
400 400 60 1
400 400 60 1
400 400 60 1
400 400 60 1
400 400 60 1
400 400 60 1
400 400 60 1
400 400 60 1
400 400 60 1
400 400 60 1
400 400 60 1
400 400 60 1
400 400 60 1
400 400 60 1
400 400 60 1
400 400 60 1
400 400 60 1
400 400 60 1
400 400 60 1
400 400 60 1
400 400 60 1
400 400 60 1
400 400 60 1
400 400 60 1
400 400 60 1
400 400 60 1
400 400 60 1
400 400 70 1
400 400 70 1
400 400 70 1
400 400 70 1
400 400 70 1
400 400 70 1
400 400 70 1
400 400 70 1
400 400 70 1
400 400 70 7
400 400 70 1
400 400 70 1
400 400 70 1
400 400 70 1
400 400 70 1
400 400 70 1
400 400 70 1
400 400 70 1
400 400 70 1
400 400 70 1
400 400 70 1
400 400 70 1
400 400 70 1
400 400 70 1
400 400 70 1
400 400 70 1
400 400 70 1
400 400 70 1
400 400 70 1
400 400 70 1
400 400 70 1
400 400 70 1
400 400 70 1
400 400 70 1
400 400 70 1
400 400 70 1
400 400 70 1
400 400 70 1
400 400 70 1
400 400 70 1
400 400 70 1
400 400 70 1
400 400 70 1
400 400 70 1
400 400 70 1
400 400 70 1
400 400 70 1
400 400 70 1
400 400 70 1
400 400 70 1
400 400 80 1
400 400 80 1
400 400 80 1
400 400 80 1
400 400 80 1
400 400 80 1
400 400 80 1
400 400 80 1
400 400 80 1
400 400 80 1
400 400 80 1
400 400 80 1
400 400 80 1
400 400 80 1
400 400 80 1
400 400 80 1
400 400 80 1
400 400 80 1
400 400 80 1
400 400 80 1
400 400 80 1
400 400 80 1
400 400 80 1
400 400 80 1
400 400 80 1
400 400 80 1
400 400 80 1
400 400 80 1
400 400 80 1
400 400 80 1
400 400 80 1
400 400 80 1
400 400 80 1
400 400 80 1
400 400 80 1
400 400 80 1
400 400 80 1
400 400 80 1
400 400 80 1
400 400 80 1
400 400 80 1
400 400 80 1
400 400 80 1
400 400 80 1
400 400 80 1
400 400 80 1
400 400 80 1
400 400 80 1
400 400 80 1
400 400 80 1
400 400 90 1
400 400 90 1
400 400 90 1
400 400 90 1
400 400 90 1
400 400 90 1
400 400 90 1
400 400 90 1
400 400 90 1
400 400 90 1
400 400 90 1
400 400 90 1
400 400 90 1
400 400 90 1
400 400 90 1
400 400 90 1
400 400 90 1
400 400 90 1
400 400 90 1
400 400 90 1
400 400 90 1
400 400 90 1
400 400 90 1
400 400 90 1
400 400 90 1
400 400 90 1
400 400 90 1
400 400 90 1
400 400 90 1
400 400 90 1
400 400 90 1
400 400 90 1
400 400 90 1
400 400 90 1
400 400 90 1
400 400 90 1
400 400 90 1
400 400 90 1
400 400 90 1
400 400 90 2
400 400 90 1
400 400 90 1
400 400 90 1
400 400 90 1
400 400 90 1
400 400 90 1
400 400 90 1
400 400 90 1
400 400 90 1
400 400 90 1
400 400 100 1
400 400 100 1
400 400 100 1
400 400 100 1
400 400 100 1
400 400 100 1
400 400 100 1
400 400 100 1
400 400 100 1
400 400 100 1
400 400 100 1
400 400 100 1
400 400 100 1
400 400 100 2
400 400 100 1
400 400 100 1
400 400 100 1
400 400 100 1
400 400 100 1
400 400 100 1
400 400 100 1
400 400 100 1
400 400 100 1
400 400 100 1
400 400 100 1
400 400 100 1
400 400 100 1
400 400 100 1
400 400 100 1
400 400 100 1
400 400 100 1
400 400 100 1
400 400 100 1
400 400 100 1
400 400 100 1
400 400 100 1
400 400 100 3
400 400 100 1
400 400 100 1
400 400 100 1
400 400 100 1
400 400 100 1
400 400 100 1
400 400 100 1
400 400 100 1
400 400 100 1
400 400 100 1
400 400 100 1
400 400 100 1
400 400 100 1
600 600 0 1096
600 600 0 1113
600 600 0 1205
600 600 0 1046
600 600 0 1036
600 600 0 1043
600 600 0 1055
600 600 0 1032
600 600 0 1037
600 600 0 1043
600 600 0 1030
600 600 0 1052
600 600 0 1031
600 600 0 1038
600 600 0 1037
600 600 0 1047
600 600 0 1058
600 600 0 1046
600 600 0 1046
600 600 0 1044
600 600 0 1036
600 600 0 1032
600 600 0 1054
600 600 0 1034
600 600 0 1045
600 600 0 1049
600 600 0 1115
600 600 0 1044
600 600 0 1036
600 600 0 1036
600 600 0 1047
600 600 0 1039
600 600 0 1037
600 600 0 1032
600 600 0 1046
600 600 0 1128
600 600 0 1034
600 600 0 1045
600 600 0 1054
600 600 0 1059
600 600 0 1033
600 600 0 1036
600 600 0 1035
600 600 0 1054
600 600 0 1038
600 600 0 1037
600 600 0 1045
600 600 0 1037
600 600 0 1045
600 600 0 1037
600 600 10 940
600 600 10 952
600 600 10 948
600 600 10 943
600 600 10 974
600 600 10 948
600 600 10 942
600 600 10 936
600 600 10 934
600 600 10 998
600 600 10 936
600 600 10 935
600 600 10 935
600 600 10 935
600 600 10 954
600 600 10 937
600 600 10 950
600 600 10 1055
600 600 10 938
600 600 10 939
600 600 10 976
600 600 10 952
600 600 10 944
600 600 10 936
600 600 10 961
600 600 10 933
600 600 10 936
600 600 10 954
600 600 10 937
600 600 10 925
600 600 10 933
600 600 10 954
600 600 10 1060
600 600 10 951
600 600 10 936
600 600 10 953
600 600 10 942
600 600 10 953
600 600 10 1085
600 600 10 986
600 600 10 953
600 600 10 936
600 600 10 964
600 600 10 926
600 600 10 960
600 600 10 950
600 600 10 946
600 600 10 934
600 600 10 1006
600 600 10 932
600 600 20 822
600 600 20 842
600 600 20 844
600 600 20 914
600 600 20 847
600 600 20 842
600 600 20 836
600 600 20 820
600 600 20 844
600 600 20 821
600 600 20 828
600 600 20 859
600 600 20 829
600 600 20 833
600 600 20 833
600 600 20 845
600 600 20 835
600 600 20 833
600 600 20 832
600 600 20 835
600 600 20 836
600 600 20 840
600 600 20 846
600 600 20 831
600 600 20 850
600 600 20 864
600 600 20 832
600 600 20 857
600 600 20 822
600 600 20 835
600 600 20 833
600 600 20 833
600 600 20 852
600 600 20 832
600 600 20 851
600 600 20 836
600 600 20 838
600 600 20 832
600 600 20 981
600 600 20 859
600 600 20 845
600 600 20 888
600 600 20 1150
600 600 20 953
600 600 20 814
600 600 20 837
600 600 20 848
600 600 20 828
600 600 20 820
600 600 20 902
600 600 30 695
600 600 30 714
600 600 30 692
600 600 30 702
600 600 30 690
600 600 30 713
600 600 30 720
600 600 30 685
600 600 30 755
600 600 30 690
600 600 30 683
600 600 30 693
600 600 30 699
600 600 30 691
600 600 30 702
600 600 30 704
600 600 30 689
600 600 30 689
600 600 30 769
600 600 30 696
600 600 30 697
600 600 30 686
600 600 30 742
600 600 30 678
600 600 30 687
600 600 30 711
600 600 30 686
600 600 30 694
600 600 30 704
600 600 30 697
600 600 30 711
600 600 30 708
600 600 30 753
600 600 30 742
600 600 30 696
600 600 30 728
600 600 30 739
600 600 30 713
600 600 30 688
600 600 30 765
600 600 30 684
600 600 30 699
600 600 30 716
600 600 30 708
600 600 30 713
600 600 30 701
600 600 30 720
600 600 30 703
600 600 30 778
600 600 30 694
600 600 40 526
600 600 40 552
600 600 40 544
600 600 40 521
600 600 40 522
600 600 40 548
600 600 40 537
600 600 40 518
600 600 40 554
600 600 40 524
600 600 40 517
600 600 40 524
600 600 40 522
600 600 40 538
600 600 40 533
600 600 40 529
600 600 40 546
600 600 40 522
600 600 40 527
600 600 40 551
600 600 40 524
600 600 40 514
600 600 40 522
600 600 40 527
600 600 40 522
600 600 40 517
600 600 40 514
600 600 40 522
600 600 40 559
600 600 40 517
600 600 40 529
600 600 40 538
600 600 40 527
600 600 40 515
600 600 40 547
600 600 40 534
600 600 40 524
600 600 40 516
600 600 40 552
600 600 40 526
600 600 40 532
600 600 40 514
600 600 40 513
600 600 40 517
600 600 40 516
600 600 40 524
600 600 40 519
600 600 40 537
600 600 40 525
600 600 40 547
600 600 50 518
600 600 50 562
600 600 50 525
600 600 50 525
600 600 50 518
600 600 50 567
600 600 50 530
600 600 50 517
600 600 50 521
600 600 50 520
600 600 50 538
600 600 50 525
600 600 50 548
600 600 50 525
600 600 50 525
600 600 50 553
600 600 50 534
600 600 50 515
600 600 50 562
600 600 50 526
600 600 50 525
600 600 50 515
600 600 50 515
600 600 50 524
600 600 50 536
600 600 50 518
600 600 50 515
600 600 50 556
600 600 50 513
600 600 50 528
600 600 50 533
600 600 50 545
600 600 50 528
600 600 50 533
600 600 50 548
600 600 50 535
600 600 50 517
600 600 50 524
600 600 50 521
600 600 50 550
600 600 50 527
600 600 50 516
600 600 50 525
600 600 50 526
600 600 50 527
600 600 50 517
600 600 50 519
600 600 50 531
600 600 50 518
600 600 50 524
600 600 60 1
600 600 60 1
600 600 60 1
600 600 60 1
600 600 60 2
600 600 60 1
600 600 60 1
600 600 60 1
600 600 60 1
600 600 60 1
600 600 60 2
600 600 60 1
600 600 60 1
600 600 60 1
600 600 60 1
600 600 60 1
600 600 60 1
600 600 60 1
600 600 60 1
600 600 60 1
600 600 60 1
600 600 60 1
600 600 60 1
600 600 60 1
600 600 60 1
600 600 60 2
600 600 60 2
600 600 60 2
600 600 60 1
600 600 60 1
600 600 60 1
600 600 60 1
600 600 60 1
600 600 60 1
600 600 60 1
600 600 60 1
600 600 60 1
600 600 60 1
600 600 60 1
600 600 60 1
600 600 60 1
600 600 60 1
600 600 60 1
600 600 60 1
600 600 60 1
600 600 60 2
600 600 60 2
600 600 60 1
600 600 60 1
600 600 60 2
600 600 70 2
600 600 70 1
600 600 70 1
600 600 70 1
600 600 70 1
600 600 70 1
600 600 70 1
600 600 70 2
600 600 70 2
600 600 70 1
600 600 70 1
600 600 70 1
600 600 70 1
600 600 70 2
600 600 70 2
600 600 70 1
600 600 70 1
600 600 70 1
600 600 70 1
600 600 70 1
600 600 70 1
600 600 70 1
600 600 70 1
600 600 70 1
600 600 70 1
600 600 70 1
600 600 70 1
600 600 70 1
600 600 70 1
600 600 70 1
600 600 70 1
600 600 70 1
600 600 70 1
600 600 70 1
600 600 70 1
600 600 70 1
600 600 70 1
600 600 70 1
600 600 70 1
600 600 70 1
600 600 70 1
600 600 70 1
600 600 70 2
600 600 70 1
600 600 70 1
600 600 70 1
600 600 70 1
600 600 70 1
600 600 70 1
600 600 70 1
600 600 80 1
600 600 80 1
600 600 80 1
600 600 80 1
600 600 80 1
600 600 80 1
600 600 80 1
600 600 80 1
600 600 80 1
600 600 80 1
600 600 80 1
600 600 80 1
600 600 80 1
600 600 80 1
600 600 80 1
600 600 80 1
600 600 80 1
600 600 80 1
600 600 80 1
600 600 80 2
600 600 80 2
600 600 80 1
600 600 80 2
600 600 80 1
600 600 80 1
600 600 80 1
600 600 80 1
600 600 80 1
600 600 80 1
600 600 80 1
600 600 80 1
600 600 80 1
600 600 80 1
600 600 80 2
600 600 80 1
600 600 80 1
600 600 80 1
600 600 80 1
600 600 80 1
600 600 80 2
600 600 80 1
600 600 80 1
600 600 80 1
600 600 80 1
600 600 80 1
600 600 80 1
600 600 80 2
600 600 80 1
600 600 80 1
600 600 80 1
600 600 90 1
600 600 90 1
600 600 90 1
600 600 90 1
600 600 90 1
600 600 90 1
600 600 90 1
600 600 90 1
600 600 90 2
600 600 90 1
600 600 90 1
600 600 90 1
600 600 90 1
600 600 90 1
600 600 90 1
600 600 90 1
600 600 90 2
600 600 90 1
600 600 90 1
600 600 90 1
600 600 90 2
600 600 90 1
600 600 90 1
600 600 90 1
600 600 90 1
600 600 90 1
600 600 90 1
600 600 90 1
600 600 90 2
600 600 90 2
600 600 90 1
600 600 90 1
600 600 90 1
600 600 90 1
600 600 90 1
600 600 90 1
600 600 90 1
600 600 90 2
600 600 90 1
600 600 90 1
600 600 90 1
600 600 90 1
600 600 90 1
600 600 90 2
600 600 90 1
600 600 90 1
600 600 90 1
600 600 90 1
600 600 90 2
600 600 90 1
600 600 100 1
600 600 100 1
600 600 100 1
600 600 100 2
600 600 100 1
600 600 100 1
600 600 100 1
600 600 100 1
600 600 100 1
600 600 100 1
600 600 100 1
600 600 100 1
600 600 100 1
600 600 100 1
600 600 100 2
600 600 100 1
600 600 100 1
600 600 100 1
600 600 100 1
600 600 100 1
600 600 100 1
600 600 100 1
600 600 100 1
600 600 100 1
600 600 100 2
600 600 100 1
600 600 100 2
600 600 100 1
600 600 100 1
600 600 100 1
600 600 100 1
600 600 100 1
600 600 100 1
600 600 100 1
600 600 100 1
600 600 100 2
600 600 100 1
600 600 100 1
600 600 100 2
600 600 100 1
600 600 100 2
600 600 100 1
600 600 100 1
600 600 100 1
600 600 100 1
600 600 100 8
600 600 100 15
600 600 100 1
600 600 100 1
600 600 100 1
800 800 0 1843
800 800 0 1848
800 800 0 1916
800 800 0 1880
800 800 0 1982
800 800 0 1877
800 800 0 1868
800 800 0 1957
800 800 0 1908
800 800 0 1876
800 800 0 1813
800 800 0 1848
800 800 0 1889
800 800 0 1957
800 800 0 1966
800 800 0 1864
800 800 0 1920
800 800 0 1845
800 800 0 1833
800 800 0 1850
800 800 0 1932
800 800 0 1898
800 800 0 2001
800 800 0 1842
800 800 0 1931
800 800 0 1840
800 800 0 1903
800 800 0 1822
800 800 0 1860
800 800 0 1858
800 800 0 1854
800 800 0 1824
800 800 0 1972
800 800 0 1840
800 800 0 1866
800 800 0 1831
800 800 0 1841
800 800 0 1867
800 800 0 2015
800 800 0 1830
800 800 0 1875
800 800 0 1977
800 800 0 1873
800 800 0 1872
800 800 0 1883
800 800 0 2001
800 800 0 1816
800 800 0 1864
800 800 0 1866
800 800 0 1884
800 800 10 1678
800 800 10 1650
800 800 10 1682
800 800 10 1724
800 800 10 1703
800 800 10 1716
800 800 10 1980
800 800 10 1722
800 800 10 1675
800 800 10 1783
800 800 10 1687
800 800 10 1697
800 800 10 1691
800 800 10 1665
800 800 10 1687
800 800 10 1673
800 800 10 1718
800 800 10 1691
800 800 10 1733
800 800 10 1829
800 800 10 1698
800 800 10 1688
800 800 10 1693
800 800 10 1683
800 800 10 1724
800 800 10 1690
800 800 10 1675
800 800 10 1698
800 800 10 1693
800 800 10 1719
800 800 10 1725
800 800 10 1821
800 800 10 1687
800 800 10 1805
800 800 10 1650
800 800 10 1694
800 800 10 1700
800 800 10 1677
800 800 10 1703
800 800 10 1667
800 800 10 1829
800 800 10 1664
800 800 10 1670
800 800 10 1666
800 800 10 1693
800 800 10 1671
800 800 10 1679
800 800 10 1669
800 800 10 1736
800 800 10 1710
800 800 20 1477
800 800 20 1482
800 800 20 1474
800 800 20 1482
800 800 20 1483
800 800 20 1489
800 800 20 1546
800 800 20 1509
800 800 20 1504
800 800 20 1596
800 800 20 1533
800 800 20 1478
800 800 20 1496
800 800 20 1482
800 800 20 1617
800 800 20 1518
800 800 20 1620
800 800 20 1508
800 800 20 1585
800 800 20 1624
800 800 20 1480
800 800 20 1502
800 800 20 1492
800 800 20 1518
800 800 20 1498
800 800 20 1473
800 800 20 1466
800 800 20 1496
800 800 20 1631
800 800 20 1436
800 800 20 1458
800 800 20 1525
800 800 20 1539
800 800 20 1608
800 800 20 1518
800 800 20 1512
800 800 20 1474
800 800 20 1560
800 800 20 1773
800 800 20 1512
800 800 20 1531
800 800 20 1486
800 800 20 1473
800 800 20 1492
800 800 20 1486
800 800 20 1678
800 800 20 1639
800 800 20 1486
800 800 20 1471
800 800 20 1490
800 800 30 1267
800 800 30 1272
800 800 30 1250
800 800 30 1318
800 800 30 1263
800 800 30 2021
800 800 30 1285
800 800 30 1272
800 800 30 1390
800 800 30 1314
800 800 30 1612
800 800 30 1343
800 800 30 1343
800 800 30 1618
800 800 30 1400
800 800 30 2087
800 800 30 1268
800 800 30 1259
800 800 30 1258
800 800 30 1352
800 800 30 1276
800 800 30 1242
800 800 30 1203
800 800 30 1251
800 800 30 2281
800 800 30 1230
800 800 30 1258
800 800 30 1248
800 800 30 1282
800 800 30 1252
800 800 30 1333
800 800 30 1242
800 800 30 1262
800 800 30 1306
800 800 30 1288
800 800 30 1305
800 800 30 1376
800 800 30 1252
800 800 30 1230
800 800 30 1586
800 800 30 1304
800 800 30 1311
800 800 30 1241
800 800 30 1266
800 800 30 1237
800 800 30 1344
800 800 30 1265
800 800 30 1233
800 800 30 1257
800 800 30 1273
800 800 40 1581
800 800 40 939
800 800 40 1200
800 800 40 932
800 800 40 992
800 800 40 957
800 800 40 979
800 800 40 970
800 800 40 949
800 800 40 948
800 800 40 990
800 800 40 933
800 800 40 1045
800 800 40 926
800 800 40 938
800 800 40 982
800 800 40 926
800 800 40 930
800 800 40 946
800 800 40 936
800 800 40 949
800 800 40 949
800 800 40 927
800 800 40 940
800 800 40 955
800 800 40 926
800 800 40 973
800 800 40 945
800 800 40 1172
800 800 40 1122
800 800 40 974
800 800 40 1434
800 800 40 1098
800 800 40 972
800 800 40 1003
800 800 40 916
800 800 40 967
800 800 40 948
800 800 40 1181
800 800 40 983
800 800 40 938
800 800 40 962
800 800 40 938
800 800 40 944
800 800 40 948
800 800 40 932
800 800 40 969
800 800 40 988
800 800 40 962
800 800 40 1082
800 800 50 1024
800 800 50 928
800 800 50 964
800 800 50 932
800 800 50 953
800 800 50 944
800 800 50 949
800 800 50 941
800 800 50 932
800 800 50 1751
800 800 50 970
800 800 50 1023
800 800 50 937
800 800 50 975
800 800 50 931
800 800 50 931
800 800 50 1729
800 800 50 935
800 800 50 937
800 800 50 928
800 800 50 957
800 800 50 972
800 800 50 940
800 800 50 928
800 800 50 916
800 800 50 950
800 800 50 948
800 800 50 955
800 800 50 933
800 800 50 938
800 800 50 953
800 800 50 941
800 800 50 1126
800 800 50 1724
800 800 50 936
800 800 50 1013
800 800 50 1020
800 800 50 1012
800 800 50 936
800 800 50 941
800 800 50 3116
800 800 50 953
800 800 50 1007
800 800 50 976
800 800 50 953
800 800 50 984
800 800 50 944
800 800 50 997
800 800 50 957
800 800 50 976
800 800 60 2
800 800 60 2
800 800 60 2
800 800 60 2
800 800 60 2
800 800 60 2
800 800 60 2
800 800 60 2
800 800 60 2
800 800 60 2
800 800 60 2
800 800 60 2
800 800 60 2
800 800 60 2
800 800 60 2
800 800 60 2
800 800 60 2
800 800 60 2
800 800 60 2
800 800 60 2
800 800 60 3
800 800 60 2
800 800 60 2
800 800 60 2
800 800 60 2
800 800 60 2
800 800 60 2
800 800 60 2
800 800 60 2
800 800 60 2
800 800 60 2
800 800 60 2
800 800 60 2
800 800 60 2
800 800 60 2
800 800 60 2
800 800 60 2
800 800 60 2
800 800 60 2
800 800 60 2
800 800 60 2
800 800 60 2
800 800 60 2
800 800 60 2
800 800 60 2
800 800 60 2
800 800 60 2
800 800 60 2
800 800 60 2
800 800 60 2
800 800 70 2
800 800 70 2
800 800 70 2
800 800 70 2
800 800 70 2
800 800 70 2
800 800 70 2
800 800 70 2
800 800 70 2
800 800 70 2
800 800 70 2
800 800 70 2
800 800 70 2
800 800 70 2
800 800 70 2
800 800 70 2
800 800 70 2
800 800 70 2
800 800 70 2
800 800 70 2
800 800 70 2
800 800 70 2
800 800 70 2
800 800 70 2
800 800 70 2
800 800 70 2
800 800 70 2
800 800 70 2
800 800 70 2
800 800 70 2
800 800 70 2
800 800 70 2
800 800 70 2
800 800 70 2
800 800 70 2
800 800 70 2
800 800 70 2
800 800 70 2
800 800 70 2
800 800 70 2
800 800 70 2
800 800 70 2
800 800 70 2
800 800 70 2
800 800 70 3
800 800 70 2
800 800 70 2
800 800 70 2
800 800 70 2
800 800 70 3
800 800 80 2
800 800 80 2
800 800 80 2
800 800 80 2
800 800 80 2
800 800 80 2
800 800 80 2
800 800 80 2
800 800 80 2
800 800 80 2
800 800 80 2
800 800 80 2
800 800 80 2
800 800 80 2
800 800 80 2
800 800 80 2
800 800 80 2
800 800 80 2
800 800 80 2
800 800 80 2
800 800 80 2
800 800 80 2
800 800 80 2
800 800 80 2
800 800 80 2
800 800 80 2
800 800 80 2
800 800 80 2
800 800 80 2
800 800 80 2
800 800 80 2
800 800 80 2
800 800 80 2
800 800 80 2
800 800 80 2
800 800 80 2
800 800 80 2
800 800 80 2
800 800 80 2
800 800 80 2
800 800 80 2
800 800 80 2
800 800 80 2
800 800 80 2
800 800 80 2
800 800 80 2
800 800 80 2
800 800 80 2
800 800 80 2
800 800 80 2
800 800 90 2
800 800 90 2
800 800 90 2
800 800 90 2
800 800 90 2
800 800 90 2
800 800 90 2
800 800 90 2
800 800 90 2
800 800 90 2
800 800 90 2
800 800 90 2
800 800 90 2
800 800 90 2
800 800 90 2
800 800 90 2
800 800 90 2
800 800 90 2
800 800 90 2
800 800 90 2
800 800 90 2
800 800 90 2
800 800 90 2
800 800 90 2
800 800 90 2
800 800 90 2
800 800 90 2
800 800 90 2
800 800 90 2
800 800 90 2
800 800 90 2
800 800 90 2
800 800 90 3
800 800 90 2
800 800 90 2
800 800 90 2
800 800 90 2
800 800 90 2
800 800 90 2
800 800 90 2
800 800 90 2
800 800 90 12
800 800 90 2
800 800 90 2
800 800 90 2
800 800 90 2
800 800 90 2
800 800 90 2
800 800 90 2
800 800 90 2
800 800 100 2
800 800 100 2
800 800 100 2
800 800 100 2
800 800 100 2
800 800 100 2
800 800 100 2
800 800 100 2
800 800 100 2
800 800 100 2
800 800 100 2
800 800 100 2
800 800 100 2
800 800 100 2
800 800 100 2
800 800 100 2
800 800 100 2
800 800 100 2
800 800 100 2
800 800 100 2
800 800 100 2
800 800 100 2
800 800 100 2
800 800 100 2
800 800 100 2
800 800 100 3
800 800 100 2
800 800 100 2
800 800 100 2
800 800 100 2
800 800 100 2
800 800 100 2
800 800 100 2
800 800 100 2
800 800 100 2
800 800 100 2
800 800 100 2
800 800 100 2
800 800 100 2
800 800 100 3
800 800 100 2
800 800 100 2
800 800 100 2
800 800 100 2
800 800 100 2
800 800 100 2
800 800 100 2
800 800 100 2
800 800 100 2
800 800 100 2
1000 1000 0 2864
1000 1000 0 2792
1000 1000 0 2862
1000 1000 0 2873
1000 1000 0 2885
1000 1000 0 2907
1000 1000 0 2879
1000 1000 0 2915
1000 1000 0 2834
1000 1000 0 3057
1000 1000 0 3037
1000 1000 0 2914
1000 1000 0 2903
1000 1000 0 2878
1000 1000 0 2861
1000 1000 0 2873
1000 1000 0 2950
1000 1000 0 2903
1000 1000 0 2880
1000 1000 0 2891
1000 1000 0 2915
1000 1000 0 2914
1000 1000 0 2904
1000 1000 0 3003
1000 1000 0 2892
1000 1000 0 2892
1000 1000 0 2860
1000 1000 0 2942
1000 1000 0 2893
1000 1000 0 3143
1000 1000 0 2844
1000 1000 0 3166
1000 1000 0 2881
1000 1000 0 2914
1000 1000 0 3070
1000 1000 0 2916
1000 1000 0 2878
1000 1000 0 2897
1000 1000 0 2833
1000 1000 0 2852
1000 1000 0 2903
1000 1000 0 2887
1000 1000 0 2887
1000 1000 0 2984
1000 1000 0 2916
1000 1000 0 2976
1000 1000 0 2884
1000 1000 0 3131
1000 1000 0 2913
1000 1000 0 2896
1000 1000 10 2807
1000 1000 10 2606
1000 1000 10 2769
1000 1000 10 2548
1000 1000 10 2733
1000 1000 10 2621
1000 1000 10 2655
1000 1000 10 2658
1000 1000 10 2809
1000 1000 10 2663
1000 1000 10 2596
1000 1000 10 2637
1000 1000 10 2651
1000 1000 10 2758
1000 1000 10 2618
1000 1000 10 2646
1000 1000 10 2808
1000 1000 10 2616
1000 1000 10 2657
1000 1000 10 2734
1000 1000 10 2620
1000 1000 10 2621
1000 1000 10 2609
1000 1000 10 2644
1000 1000 10 2801
1000 1000 10 2640
1000 1000 10 2778
1000 1000 10 2691
1000 1000 10 2642
1000 1000 10 2670
1000 1000 10 2623
1000 1000 10 2708
1000 1000 10 2643
1000 1000 10 2640
1000 1000 10 2624
1000 1000 10 2636
1000 1000 10 2638
1000 1000 10 2732
1000 1000 10 2637
1000 1000 10 2644
1000 1000 10 2625
1000 1000 10 2617
1000 1000 10 2588
1000 1000 10 2618
1000 1000 10 2631
1000 1000 10 2569
1000 1000 10 2754
1000 1000 10 2584
1000 1000 10 2611
1000 1000 10 2605
1000 1000 20 2357
1000 1000 20 2324
1000 1000 20 2299
1000 1000 20 2353
1000 1000 20 2361
1000 1000 20 2317
1000 1000 20 2312
1000 1000 20 2311
1000 1000 20 2539
1000 1000 20 2254
1000 1000 20 2409
1000 1000 20 2308
1000 1000 20 2501
1000 1000 20 2323
1000 1000 20 2298
1000 1000 20 2300
1000 1000 20 2308
1000 1000 20 2607
1000 1000 20 2293
1000 1000 20 2276
1000 1000 20 2375
1000 1000 20 2289
1000 1000 20 2347
1000 1000 20 2368
1000 1000 20 2543
1000 1000 20 2532
1000 1000 20 2381
1000 1000 20 2372
1000 1000 20 2394
1000 1000 20 2342
1000 1000 20 2400
1000 1000 20 2360
1000 1000 20 2270
1000 1000 20 2282
1000 1000 20 2347
1000 1000 20 2300
1000 1000 20 2415
1000 1000 20 2496
1000 1000 20 2289
1000 1000 20 2360
1000 1000 20 2316
1000 1000 20 2401
1000 1000 20 2324
1000 1000 20 2372
1000 1000 20 2334
1000 1000 20 2319
1000 1000 20 2339
1000 1000 20 2395
1000 1000 20 2345
1000 1000 20 2424
1000 1000 30 1977
1000 1000 30 1988
1000 1000 30 1947
1000 1000 30 1964
1000 1000 30 2148
1000 1000 30 2017
1000 1000 30 2089
1000 1000 30 1945
1000 1000 30 1932
1000 1000 30 1915
1000 1000 30 1945
1000 1000 30 1927
1000 1000 30 1908
1000 1000 30 1923
1000 1000 30 1903
1000 1000 30 1927
1000 1000 30 1973
1000 1000 30 2479
1000 1000 30 1950
1000 1000 30 1941
1000 1000 30 1956
1000 1000 30 2092
1000 1000 30 1992
1000 1000 30 1979
1000 1000 30 1944
1000 1000 30 1953
1000 1000 30 2141
1000 1000 30 2090
1000 1000 30 2069
1000 1000 30 2046
1000 1000 30 2141
1000 1000 30 2110
1000 1000 30 2012
1000 1000 30 1955
1000 1000 30 1958
1000 1000 30 1954
1000 1000 30 1965
1000 1000 30 1926
1000 1000 30 2095
1000 1000 30 1968
1000 1000 30 1935
1000 1000 30 1884
1000 1000 30 1912
1000 1000 30 1902
1000 1000 30 2013
1000 1000 30 1991
1000 1000 30 2006
1000 1000 30 1978
1000 1000 30 1957
1000 1000 30 2011
1000 1000 40 1471
1000 1000 40 1536
1000 1000 40 1466
1000 1000 40 1450
1000 1000 40 1471
1000 1000 40 1430
1000 1000 40 1448
1000 1000 40 1496
1000 1000 40 1495
1000 1000 40 1497
1000 1000 40 1487
1000 1000 40 1461
1000 1000 40 1440
1000 1000 40 1440
1000 1000 40 1455
1000 1000 40 1470
1000 1000 40 1434
1000 1000 40 1697
1000 1000 40 1475
1000 1000 40 1499
1000 1000 40 1498
1000 1000 40 1444
1000 1000 40 1471
1000 1000 40 1480
1000 1000 40 1547
1000 1000 40 1533
1000 1000 40 1535
1000 1000 40 1620
1000 1000 40 1446
1000 1000 40 1456
1000 1000 40 1457
1000 1000 40 1478
1000 1000 40 1439
1000 1000 40 1478
1000 1000 40 1479
1000 1000 40 1562
1000 1000 40 1483
1000 1000 40 1454
1000 1000 40 1506
1000 1000 40 1609
1000 1000 40 1481
1000 1000 40 1488
1000 1000 40 1437
1000 1000 40 1440
1000 1000 40 1447
1000 1000 40 1444
1000 1000 40 1489
1000 1000 40 1484
1000 1000 40 1482
1000 1000 40 1473
1000 1000 50 1490
1000 1000 50 1461
1000 1000 50 1444
1000 1000 50 1478
1000 1000 50 1450
1000 1000 50 1454
1000 1000 50 1459
1000 1000 50 1491
1000 1000 50 1447
1000 1000 50 1437
1000 1000 50 1465
1000 1000 50 1475
1000 1000 50 1495
1000 1000 50 1509
1000 1000 50 1453
1000 1000 50 1466
1000 1000 50 1469
1000 1000 50 1433
1000 1000 50 1474
1000 1000 50 1420
1000 1000 50 1478
1000 1000 50 1503
1000 1000 50 1529
1000 1000 50 1444
1000 1000 50 1525
1000 1000 50 1460
1000 1000 50 1466
1000 1000 50 1458
1000 1000 50 1470
1000 1000 50 1485
1000 1000 50 1464
1000 1000 50 1450
1000 1000 50 1458
1000 1000 50 1467
1000 1000 50 1516
1000 1000 50 1460
1000 1000 50 1528
1000 1000 50 1554
1000 1000 50 1453
1000 1000 50 1516
1000 1000 50 1469
1000 1000 50 1706
1000 1000 50 1453
1000 1000 50 1460
1000 1000 50 1487
1000 1000 50 1495
1000 1000 50 1465
1000 1000 50 1457
1000 1000 50 1482
1000 1000 50 1491
1000 1000 60 3
1000 1000 60 3
1000 1000 60 3
1000 1000 60 3
1000 1000 60 3
1000 1000 60 3
1000 1000 60 3
1000 1000 60 3
1000 1000 60 3
1000 1000 60 3
1000 1000 60 3
1000 1000 60 3
1000 1000 60 3
1000 1000 60 3
1000 1000 60 3
1000 1000 60 3
1000 1000 60 3
1000 1000 60 3
1000 1000 60 3
1000 1000 60 3
1000 1000 60 3
1000 1000 60 9
1000 1000 60 3
1000 1000 60 3
1000 1000 60 3
1000 1000 60 3
1000 1000 60 3
1000 1000 60 3
1000 1000 60 3
1000 1000 60 3
1000 1000 60 3
1000 1000 60 3
1000 1000 60 3
1000 1000 60 3
1000 1000 60 3
1000 1000 60 3
1000 1000 60 3
1000 1000 60 3
1000 1000 60 3
1000 1000 60 3
1000 1000 60 3
1000 1000 60 3
1000 1000 60 3
1000 1000 60 3
1000 1000 60 3
1000 1000 60 3
1000 1000 60 3
1000 1000 60 3
1000 1000 60 3
1000 1000 60 3
1000 1000 70 3
1000 1000 70 3
1000 1000 70 3
1000 1000 70 3
1000 1000 70 3
1000 1000 70 3
1000 1000 70 4
1000 1000 70 3
1000 1000 70 3
1000 1000 70 3
1000 1000 70 3
1000 1000 70 3
1000 1000 70 3
1000 1000 70 3
1000 1000 70 3
1000 1000 70 3
1000 1000 70 3
1000 1000 70 3
1000 1000 70 3
1000 1000 70 25
1000 1000 70 3
1000 1000 70 3
1000 1000 70 3
1000 1000 70 3
1000 1000 70 3
1000 1000 70 3
1000 1000 70 3
1000 1000 70 3
1000 1000 70 3
1000 1000 70 4
1000 1000 70 3
1000 1000 70 3
1000 1000 70 3
1000 1000 70 3
1000 1000 70 3
1000 1000 70 3
1000 1000 70 3
1000 1000 70 3
1000 1000 70 3
1000 1000 70 3
1000 1000 70 3
1000 1000 70 3
1000 1000 70 3
1000 1000 70 3
1000 1000 70 4
1000 1000 70 3
1000 1000 70 3
1000 1000 70 3
1000 1000 70 3
1000 1000 70 3
1000 1000 80 3
1000 1000 80 3
1000 1000 80 3
1000 1000 80 3
1000 1000 80 3
1000 1000 80 3
1000 1000 80 2
1000 1000 80 3
1000 1000 80 4
1000 1000 80 3
1000 1000 80 3
1000 1000 80 3
1000 1000 80 3
1000 1000 80 3
1000 1000 80 3
1000 1000 80 3
1000 1000 80 3
1000 1000 80 3
1000 1000 80 3
1000 1000 80 3
1000 1000 80 3
1000 1000 80 3
1000 1000 80 3
1000 1000 80 3
1000 1000 80 3
1000 1000 80 3
1000 1000 80 3
1000 1000 80 3
1000 1000 80 3
1000 1000 80 3
1000 1000 80 3
1000 1000 80 4
1000 1000 80 3
1000 1000 80 3
1000 1000 80 3
1000 1000 80 3
1000 1000 80 3
1000 1000 80 3
1000 1000 80 3
1000 1000 80 3
1000 1000 80 3
1000 1000 80 3
1000 1000 80 3
1000 1000 80 3
1000 1000 80 3
1000 1000 80 3
1000 1000 80 3
1000 1000 80 3
1000 1000 80 3
1000 1000 80 3
1000 1000 90 3
1000 1000 90 3
1000 1000 90 3
1000 1000 90 3
1000 1000 90 3
1000 1000 90 3
1000 1000 90 3
1000 1000 90 3
1000 1000 90 3
1000 1000 90 3
1000 1000 90 3
1000 1000 90 3
1000 1000 90 3
1000 1000 90 3
1000 1000 90 3
1000 1000 90 3
1000 1000 90 3
1000 1000 90 3
1000 1000 90 3
1000 1000 90 3
1000 1000 90 3
1000 1000 90 2
1000 1000 90 3
1000 1000 90 3
1000 1000 90 3
1000 1000 90 3
1000 1000 90 3
1000 1000 90 4
1000 1000 90 3
1000 1000 90 12
1000 1000 90 3
1000 1000 90 3
1000 1000 90 3
1000 1000 90 3
1000 1000 90 3
1000 1000 90 3
1000 1000 90 3
1000 1000 90 3
1000 1000 90 3
1000 1000 90 3
1000 1000 90 3
1000 1000 90 3
1000 1000 90 3
1000 1000 90 3
1000 1000 90 3
1000 1000 90 3
1000 1000 90 3
1000 1000 90 3
1000 1000 90 3
1000 1000 90 3
1000 1000 100 3
1000 1000 100 3
1000 1000 100 3
1000 1000 100 3
1000 1000 100 2
1000 1000 100 3
1000 1000 100 3
1000 1000 100 3
1000 1000 100 3
1000 1000 100 10
1000 1000 100 3
1000 1000 100 3
1000 1000 100 3
1000 1000 100 3
1000 1000 100 3
1000 1000 100 3
1000 1000 100 3
1000 1000 100 3
1000 1000 100 3
1000 1000 100 3
1000 1000 100 3
1000 1000 100 3
1000 1000 100 3
1000 1000 100 3
1000 1000 100 3
1000 1000 100 3
1000 1000 100 3
1000 1000 100 3
1000 1000 100 3
1000 1000 100 3
1000 1000 100 3
1000 1000 100 3
1000 1000 100 3
1000 1000 100 3
1000 1000 100 3
1000 1000 100 3
1000 1000 100 3
1000 1000 100 3
1000 1000 100 3
1000 1000 100 3
1000 1000 100 3
1000 1000 100 3
1000 1000 100 3
1000 1000 100 3
1000 1000 100 3
1000 1000 100 3
1000 1000 100 89
1000 1000 100 3
1000 1000 100 3
1000 1000 100 3
