200 200 0 119
200 200 0 105
200 200 0 117
200 200 0 106
200 200 0 118
200 200 0 109
200 200 0 107
200 200 0 131
200 200 0 115
200 200 0 109
200 200 0 133
200 200 0 107
200 200 0 123
200 200 0 109
200 200 0 115
200 200 0 107
200 200 0 110
200 200 0 110
200 200 0 108
200 200 0 107
200 200 0 108
200 200 0 109
200 200 0 115
200 200 0 130
200 200 0 106
200 200 0 121
200 200 0 113
200 200 0 124
200 200 0 106
200 200 0 103
200 200 0 125
200 200 0 108
200 200 0 107
200 200 0 111
200 200 0 114
200 200 0 110
200 200 0 109
200 200 0 110
200 200 0 106
200 200 0 107
200 200 0 109
200 200 0 150
200 200 0 112
200 200 0 108
200 200 0 137
200 200 0 110
200 200 0 116
200 200 0 112
200 200 0 110
200 200 10 108
200 200 10 126
200 200 10 110
200 200 10 109
200 200 10 107
200 200 10 108
200 200 10 109
200 200 10 115
200 200 10 119
200 200 10 106
200 200 10 108
200 200 10 113
200 200 10 108
200 200 10 108
200 200 10 111
200 200 10 108
200 200 10 113
200 200 10 106
200 200 10 106
200 200 10 111
200 200 10 109
200 200 10 110
200 200 10 108
200 200 10 109
200 200 10 112
200 200 10 118
200 200 10 115
200 200 10 117
200 200 10 110
200 200 10 119
200 200 10 118
200 200 10 107
200 200 10 115
200 200 10 112
200 200 10 122
200 200 10 110
200 200 10 108
200 200 10 107
200 200 10 126
200 200 10 112
200 200 10 109
200 200 10 109
200 200 10 109
200 200 10 170
200 200 10 110
200 200 10 108
200 200 10 115
200 200 10 111
200 200 10 117
200 200 10 127
200 200 20 117
200 200 20 119
200 200 20 146
200 200 20 109
200 200 20 115
200 200 20 106
200 200 20 107
200 200 20 114
200 200 20 118
200 200 20 107
200 200 20 107
200 200 20 116
200 200 20 110
200 200 20 108
200 200 20 110
200 200 20 116
200 200 20 117
200 200 20 108
200 200 20 110
200 200 20 119
200 200 20 108
200 200 20 125
200 200 20 115
200 200 20 115
200 200 20 106
200 200 20 110
200 200 20 109
200 200 20 120
200 200 20 107
200 200 20 109
200 200 20 112
200 200 20 113
200 200 20 108
200 200 20 108
200 200 20 109
200 200 20 110
200 200 20 106
200 200 20 112
200 200 20 110
200 200 20 108
200 200 20 109
200 200 20 116
200 200 20 110
200 200 20 108
200 200 20 108
200 200 20 110
200 200 20 117
200 200 20 107
200 200 20 123
200 200 20 106
200 200 30 115
200 200 30 100
200 200 30 113
200 200 30 105
200 200 30 101
200 200 30 102
200 200 30 102
200 200 30 99
200 200 30 107
200 200 30 118
200 200 30 99
200 200 30 101
200 200 30 115
200 200 30 105
200 200 30 113
200 200 30 111
200 200 30 105
200 200 30 107
200 200 30 105
200 200 30 116
200 200 30 104
200 200 30 101
200 200 30 113
200 200 30 126
200 200 30 120
200 200 30 113
200 200 30 108
200 200 30 107
200 200 30 132
200 200 30 103
200 200 30 102
200 200 30 102
200 200 30 101
200 200 30 105
200 200 30 103
200 200 30 103
200 200 30 104
200 200 30 105
200 200 30 102
200 200 30 102
200 200 30 99
200 200 30 102
200 200 30 105
200 200 30 99
200 200 30 103
200 200 30 101
200 200 30 103
200 200 30 99
200 200 30 103
200 200 30 98
200 200 40 102
200 200 40 101
200 200 40 103
200 200 40 96
200 200 40 99
200 200 40 101
200 200 40 114
200 200 40 99
200 200 40 102
200 200 40 105
200 200 40 99
200 200 40 101
200 200 40 98
200 200 40 101
200 200 40 104
200 200 40 100
200 200 40 101
200 200 40 101
200 200 40 104
200 200 40 128
200 200 40 113
200 200 40 104
200 200 40 102
200 200 40 100
200 200 40 103
200 200 40 124
200 200 40 100
200 200 40 102
200 200 40 101
200 200 40 101
200 200 40 109
200 200 40 101
200 200 40 102
200 200 40 104
200 200 40 100
200 200 40 101
200 200 40 103
200 200 40 101
200 200 40 138
200 200 40 102
200 200 40 107
200 200 40 140
200 200 40 98
200 200 40 102
200 200 40 102
200 200 40 98
200 200 40 103
200 200 40 101
200 200 40 104
200 200 40 100
200 200 50 103
200 200 50 101
200 200 50 98
200 200 50 102
200 200 50 103
200 200 50 100
200 200 50 105
200 200 50 111
200 200 50 102
200 200 50 102
200 200 50 103
200 200 50 107
200 200 50 101
200 200 50 128
200 200 50 108
200 200 50 110
200 200 50 100
200 200 50 107
200 200 50 108
200 200 50 106
200 200 50 101
200 200 50 106
200 200 50 101
200 200 50 103
200 200 50 103
200 200 50 99
200 200 50 117
200 200 50 107
200 200 50 127
200 200 50 100
200 200 50 103
200 200 50 102
200 200 50 101
200 200 50 107
200 200 50 124
200 200 50 109
200 200 50 100
200 200 50 101
200 200 50 100
200 200 50 107
200 200 50 118
200 200 50 105
200 200 50 110
200 200 50 110
200 200 50 115
200 200 50 106
200 200 50 105
200 200 50 102
200 200 50 103
200 200 50 117
200 200 60 100
200 200 60 115
200 200 60 92
200 200 60 94
200 200 60 102
200 200 60 93
200 200 60 91
200 200 60 89
200 200 60 87
200 200 60 92
200 200 60 92
200 200 60 90
200 200 60 146
200 200 60 90
200 200 60 99
200 200 60 88
200 200 60 89
200 200 60 146
200 200 60 91
200 200 60 90
200 200 60 90
200 200 60 89
200 200 60 95
200 200 60 88
200 200 60 91
200 200 60 88
200 200 60 88
200 200 60 92
200 200 60 87
200 200 60 93
200 200 60 90
200 200 60 86
200 200 60 92
200 200 60 110
200 200 60 86
200 200 60 96
200 200 60 103
200 200 60 86
200 200 60 101
200 200 60 87
200 200 60 86
200 200 60 89
200 200 60 96
200 200 60 87
200 200 60 89
200 200 60 91
200 200 60 91
200 200 60 89
200 200 60 91
200 200 60 88
200 200 70 86
200 200 70 85
200 200 70 85
200 200 70 87
200 200 70 143
200 200 70 86
200 200 70 109
200 200 70 113
200 200 70 123
200 200 70 86
200 200 70 95
200 200 70 90
200 200 70 88
200 200 70 86
200 200 70 88
200 200 70 89
200 200 70 96
200 200 70 92
200 200 70 94
200 200 70 87
200 200 70 86
200 200 70 90
200 200 70 90
200 200 70 87
200 200 70 86
200 200 70 88
200 200 70 91
200 200 70 88
200 200 70 86
200 200 70 100
200 200 70 93
200 200 70 87
200 200 70 90
200 200 70 95
200 200 70 87
200 200 70 85
200 200 70 93
200 200 70 144
200 200 70 87
200 200 70 87
200 200 70 88
200 200 70 99
200 200 70 122
200 200 70 101
200 200 70 89
200 200 70 88
200 200 70 120
200 200 70 91
200 200 70 88
200 200 70 103
200 200 80 113
200 200 80 90
200 200 80 87
200 200 80 88
200 200 80 88
200 200 80 88
200 200 80 86
200 200 80 93
200 200 80 88
200 200 80 90
200 200 80 87
200 200 80 88
200 200 80 92
200 200 80 88
200 200 80 89
200 200 80 94
200 200 80 103
200 200 80 87
200 200 80 88
200 200 80 97
200 200 80 87
200 200 80 116
200 200 80 87
200 200 80 87
200 200 80 88
200 200 80 95
200 200 80 87
200 200 80 87
200 200 80 88
200 200 80 89
200 200 80 87
200 200 80 90
200 200 80 96
200 200 80 91
200 200 80 88
200 200 80 108
200 200 80 95
200 200 80 87
200 200 80 88
200 200 80 87
200 200 80 93
200 200 80 87
200 200 80 89
200 200 80 104
200 200 80 95
200 200 80 86
200 200 80 92
200 200 80 110
200 200 80 97
200 200 80 101
200 200 90 96
200 200 90 91
200 200 90 91
200 200 90 86
200 200 90 98
200 200 90 107
200 200 90 94
200 200 90 91
200 200 90 87
200 200 90 89
200 200 90 94
200 200 90 87
200 200 90 93
200 200 90 87
200 200 90 87
200 200 90 93
200 200 90 88
200 200 90 93
200 200 90 90
200 200 90 93
200 200 90 87
200 200 90 88
200 200 90 114
200 200 90 88
200 200 90 95
200 200 90 107
200 200 90 86
200 200 90 86
200 200 90 89
200 200 90 91
200 200 90 88
200 200 90 88
200 200 90 87
200 200 90 105
200 200 90 108
200 200 90 86
200 200 90 89
200 200 90 85
200 200 90 88
200 200 90 88
200 200 90 88
200 200 90 86
200 200 90 87
200 200 90 94
200 200 90 87
200 200 90 87
200 200 90 88
200 200 90 100
200 200 90 86
200 200 90 87
200 200 100 89
200 200 100 89
200 200 100 88
200 200 100 86
200 200 100 89
200 200 100 95
200 200 100 86
200 200 100 88
200 200 100 93
200 200 100 86
200 200 100 94
200 200 100 89
200 200 100 86
200 200 100 86
200 200 100 87
200 200 100 101
200 200 100 101
200 200 100 87
200 200 100 121
200 200 100 86
200 200 100 88
200 200 100 90
200 200 100 87
200 200 100 89
200 200 100 87
200 200 100 86
200 200 100 86
200 200 100 94
200 200 100 85
200 200 100 97
200 200 100 87
200 200 100 88
200 200 100 89
200 200 100 91
200 200 100 92
200 200 100 88
200 200 100 89
200 200 100 87
200 200 100 87
200 200 100 87
200 200 100 90
200 200 100 90
200 200 100 88
200 200 100 88
200 200 100 86
200 200 100 94
200 200 100 85
200 200 100 88
200 200 100 91
200 200 100 86
400 400 0 405
400 400 0 407
400 400 0 410
400 400 0 413
400 400 0 405
400 400 0 405
400 400 0 415
400 400 0 412
400 400 0 404
400 400 0 461
400 400 0 405
400 400 0 501
400 400 0 424
400 400 0 404
400 400 0 405
400 400 0 419
400 400 0 423
400 400 0 411
400 400 0 585
400 400 0 408
400 400 0 405
400 400 0 406
400 400 0 413
400 400 0 412
400 400 0 403
400 400 0 405
400 400 0 404
400 400 0 403
400 400 0 570
400 400 0 408
400 400 0 437
400 400 0 1187
400 400 0 419
400 400 0 418
400 400 0 406
400 400 0 428
400 400 0 404
400 400 0 404
400 400 0 430
400 400 0 405
400 400 0 403
400 400 0 412
400 400 0 412
400 400 0 412
400 400 0 419
400 400 0 406
400 400 0 414
400 400 0 407
400 400 0 440
400 400 0 422
400 400 10 423
400 400 10 406
400 400 10 422
400 400 10 407
400 400 10 413
400 400 10 405
400 400 10 415
400 400 10 420
400 400 10 405
400 400 10 453
400 400 10 434
400 400 10 434
400 400 10 404
400 400 10 415
400 400 10 420
400 400 10 406
400 400 10 437
400 400 10 561
400 400 10 426
400 400 10 451
400 400 10 434
400 400 10 405
400 400 10 410
400 400 10 415
400 400 10 426
400 400 10 429
400 400 10 405
400 400 10 404
400 400 10 438
400 400 10 778
400 400 10 426
400 400 10 412
400 400 10 433
400 400 10 447
400 400 10 420
400 400 10 405
400 400 10 415
400 400 10 409
400 400 10 418
400 400 10 428
400 400 10 406
400 400 10 418
400 400 10 418
400 400 10 428
400 400 10 413
400 400 10 405
400 400 10 417
400 400 10 414
400 400 10 420
400 400 10 403
400 400 20 405
400 400 20 405
400 400 20 403
400 400 20 404
400 400 20 408
400 400 20 426
400 400 20 412
400 400 20 446
400 400 20 427
400 400 20 433
400 400 20 401
400 400 20 405
400 400 20 412
400 400 20 416
400 400 20 405
400 400 20 404
400 400 20 407
400 400 20 403
400 400 20 423
400 400 20 431
400 400 20 410
400 400 20 403
400 400 20 406
400 400 20 425
400 400 20 411
400 400 20 404
400 400 20 411
400 400 20 424
400 400 20 412
400 400 20 415
400 400 20 419
400 400 20 414
400 400 20 413
400 400 20 423
400 400 20 401
400 400 20 406
400 400 20 412
400 400 20 403
400 400 20 435
400 400 20 406
400 400 20 406
400 400 20 417
400 400 20 405
400 400 20 409
400 400 20 430
400 400 20 415
400 400 20 414
400 400 20 437
400 400 20 415
400 400 20 413
400 400 30 395
400 400 30 387
400 400 30 421
400 400 30 392
400 400 30 385
400 400 30 415
400 400 30 406
400 400 30 407
400 400 30 408
400 400 30 387
400 400 30 390
400 400 30 397
400 400 30 387
400 400 30 408
400 400 30 394
400 400 30 388
400 400 30 414
400 400 30 388
400 400 30 387
400 400 30 398
400 400 30 402
400 400 30 388
400 400 30 397
400 400 30 388
400 400 30 390
400 400 30 396
400 400 30 397
400 400 30 417
400 400 30 398
400 400 30 386
400 400 30 389
400 400 30 387
400 400 30 394
400 400 30 386
400 400 30 396
400 400 30 402
400 400 30 393
400 400 30 384
400 400 30 395
400 400 30 395
400 400 30 386
400 400 30 395
400 400 30 388
400 400 30 388
400 400 30 387
400 400 30 388
400 400 30 386
400 400 30 385
400 400 30 401
400 400 30 396
400 400 40 399
400 400 40 384
400 400 40 386
400 400 40 384
400 400 40 385
400 400 40 386
400 400 40 397
400 400 40 390
400 400 40 394
400 400 40 409
400 400 40 383
400 400 40 393
400 400 40 384
400 400 40 384
400 400 40 394
400 400 40 387
400 400 40 385
400 400 40 380
400 400 40 426
400 400 40 396
400 400 40 392
400 400 40 391
400 400 40 396
400 400 40 384
400 400 40 386
400 400 40 396
400 400 40 384
400 400 40 387
400 400 40 408
400 400 40 479
400 400 40 396
400 400 40 384
400 400 40 393
400 400 40 385
400 400 40 391
400 400 40 387
400 400 40 394
400 400 40 383
400 400 40 380
400 400 40 379
400 400 40 401
400 400 40 396
400 400 40 386
400 400 40 381
400 400 40 539
400 400 40 389
400 400 40 399
400 400 40 386
400 400 40 383
400 400 40 398
400 400 50 411
400 400 50 394
400 400 50 428
400 400 50 388
400 400 50 396
400 400 50 401
400 400 50 389
400 400 50 394
400 400 50 390
400 400 50 505
400 400 50 382
400 400 50 385
400 400 50 383
400 400 50 384
400 400 50 417
400 400 50 389
400 400 50 391
400 400 50 385
400 400 50 411
400 400 50 392
400 400 50 396
400 400 50 396
400 400 50 384
400 400 50 400
400 400 50 398
400 400 50 386
400 400 50 392
400 400 50 397
400 400 50 392
400 400 50 383
400 400 50 382
400 400 50 409
400 400 50 387
400 400 50 388
400 400 50 386
400 400 50 393
400 400 50 384
400 400 50 384
400 400 50 399
400 400 50 382
400 400 50 387
400 400 50 396
400 400 50 396
400 400 50 396
400 400 50 394
400 400 50 395
400 400 50 397
400 400 50 393
400 400 50 410
400 400 50 390
400 400 60 358
400 400 60 392
400 400 60 371
400 400 60 376
400 400 60 367
400 400 60 370
400 400 60 560
400 400 60 359
400 400 60 388
400 400 60 385
400 400 60 351
400 400 60 371
400 400 60 352
400 400 60 361
400 400 60 359
400 400 60 379
400 400 60 365
400 400 60 352
400 400 60 362
400 400 60 364
400 400 60 384
400 400 60 358
400 400 60 379
400 400 60 379
400 400 60 383
400 400 60 369
400 400 60 361
400 400 60 373
400 400 60 361
400 400 60 369
400 400 60 363
400 400 60 375
400 400 60 387
400 400 60 378
400 400 60 369
400 400 60 988
400 400 60 371
400 400 60 383
400 400 60 537
400 400 60 370
400 400 60 375
400 400 60 358
400 400 60 376
400 400 60 381
400 400 60 388
400 400 60 373
400 400 60 366
400 400 60 379
400 400 60 385
400 400 60 360
400 400 70 351
400 400 70 407
400 400 70 387
400 400 70 352
400 400 70 354
400 400 70 352
400 400 70 357
400 400 70 367
400 400 70 356
400 400 70 409
400 400 70 379
400 400 70 356
400 400 70 366
400 400 70 355
400 400 70 380
400 400 70 382
400 400 70 375
400 400 70 422
400 400 70 404
400 400 70 411
400 400 70 370
400 400 70 362
400 400 70 361
400 400 70 381
400 400 70 376
400 400 70 370
400 400 70 359
400 400 70 426
400 400 70 417
400 400 70 397
400 400 70 358
400 400 70 360
400 400 70 372
400 400 70 387
400 400 70 374
400 400 70 364
400 400 70 398
400 400 70 378
400 400 70 365
400 400 70 358
400 400 70 392
400 400 70 371
400 400 70 388
400 400 70 362
400 400 70 353
400 400 70 362
400 400 70 353
400 400 70 367
400 400 70 373
400 400 70 367
400 400 80 380
400 400 80 419
400 400 80 360
400 400 80 378
400 400 80 416
400 400 80 378
400 400 80 439
400 400 80 377
400 400 80 374
400 400 80 380
400 400 80 371
400 400 80 357
400 400 80 356
400 400 80 367
400 400 80 394
400 400 80 373
400 400 80 364
400 400 80 432
400 400 80 369
400 400 80 359
400 400 80 390
400 400 80 403
400 400 80 360
400 400 80 359
400 400 80 361
400 400 80 370
400 400 80 390
400 400 80 357
400 400 80 355
400 400 80 363
400 400 80 396
400 400 80 375
400 400 80 384
400 400 80 382
400 400 80 380
400 400 80 366
400 400 80 396
400 400 80 367
400 400 80 403
400 400 80 365
400 400 80 366
400 400 80 358
400 400 80 359
400 400 80 366
400 400 80 369
400 400 80 465
400 400 80 372
400 400 80 368
400 400 80 359
400 400 80 379
400 400 90 408
400 400 90 359
400 400 90 362
400 400 90 372
400 400 90 408
400 400 90 389
400 400 90 361
400 400 90 369
400 400 90 358
400 400 90 360
400 400 90 372
400 400 90 378
400 400 90 389
400 400 90 383
400 400 90 362
400 400 90 362
400 400 90 363
400 400 90 360
400 400 90 378
400 400 90 375
400 400 90 427
400 400 90 377
400 400 90 378
400 400 90 370
400 400 90 375
400 400 90 361
400 400 90 398
400 400 90 443
400 400 90 395
400 400 90 378
400 400 90 403
400 400 90 386
400 400 90 395
400 400 90 361
400 400 90 359
400 400 90 425
400 400 90 370
400 400 90 376
400 400 90 373
400 400 90 365
400 400 90 397
400 400 90 377
400 400 90 380
400 400 90 367
400 400 90 412
400 400 90 392
400 400 90 399
400 400 90 422
400 400 90 425
400 400 90 378
400 400 100 376
400 400 100 370
400 400 100 407
400 400 100 365
400 400 100 357
400 400 100 365
400 400 100 368
400 400 100 377
400 400 100 373
400 400 100 359
400 400 100 383
400 400 100 376
400 400 100 389
400 400 100 360
400 400 100 433
400 400 100 369
400 400 100 367
400 400 100 371
400 400 100 376
400 400 100 376
400 400 100 392
400 400 100 387
400 400 100 363
400 400 100 365
400 400 100 375
400 400 100 372
400 400 100 387
400 400 100 365
400 400 100 373
400 400 100 398
400 400 100 365
400 400 100 358
400 400 100 396
400 400 100 375
400 400 100 387
400 400 100 361
400 400 100 378
400 400 100 371
400 400 100 363
400 400 100 381
400 400 100 373
400 400 100 371
400 400 100 358
400 400 100 359
400 400 100 369
400 400 100 359
400 400 100 366
400 400 100 370
400 400 100 388
400 400 100 361
600 600 0 2936
600 600 0 2656
600 600 0 2793
600 600 0 2669
600 600 0 2652
600 600 0 2651
600 600 0 2659
600 600 0 2674
600 600 0 2665
600 600 0 2698
600 600 0 2657
600 600 0 2747
600 600 0 2700
600 600 0 2674
600 600 0 2656
600 600 0 2681
600 600 0 2657
600 600 0 2635
600 600 0 2664
600 600 0 2664
600 600 0 2662
600 600 0 2667
600 600 0 2665
600 600 0 2643
600 600 0 2628
600 600 0 2654
600 600 0 2665
600 600 0 2666
600 600 0 2670
600 600 0 2685
600 600 0 2639
600 600 0 2666
600 600 0 2664
600 600 0 2672
600 600 0 2674
600 600 0 2639
600 600 0 2691
600 600 0 2648
600 600 0 2651
600 600 0 2645
600 600 0 2661
600 600 0 2699
600 600 0 2673
600 600 0 2667
600 600 0 2649
600 600 0 2629
600 600 0 2633
600 600 0 2654
600 600 0 2678
600 600 0 2632
600 600 10 2500
600 600 10 2472
600 600 10 2471
600 600 10 2497
600 600 10 2511
600 600 10 2486
600 600 10 2515
600 600 10 2507
600 600 10 2506
600 600 10 2542
600 600 10 2550
600 600 10 2472
600 600 10 2489
600 600 10 2515
600 600 10 2520
600 600 10 2496
600 600 10 2474
600 600 10 2490
600 600 10 2496
600 600 10 2493
600 600 10 2465
600 600 10 2513
600 600 10 2433
600 600 10 2502
600 600 10 2494
600 600 10 2466
600 600 10 2514
600 600 10 2469
600 600 10 2502
600 600 10 2487
600 600 10 2485
600 600 10 2486
600 600 10 2534
600 600 10 2518
600 600 10 2511
600 600 10 2466
600 600 10 2494
600 600 10 2489
600 600 10 2522
600 600 10 2475
600 600 10 2498
600 600 10 2554
600 600 10 2513
600 600 10 2486
600 600 10 2514
600 600 10 2591
600 600 10 2515
600 600 10 2498
600 600 10 4471
600 600 10 2503
600 600 20 2324
600 600 20 2388
600 600 20 2292
600 600 20 2292
600 600 20 2305
600 600 20 2344
600 600 20 2315
600 600 20 2312
600 600 20 2320
600 600 20 2308
600 600 20 2303
600 600 20 2581
600 600 20 2308
600 600 20 2337
600 600 20 2321
600 600 20 2304
600 600 20 2313
600 600 20 2334
600 600 20 2317
600 600 20 2318
600 600 20 2331
600 600 20 2327
600 600 20 2294
600 600 20 2292
600 600 20 2320
600 600 20 2310
600 600 20 2338
600 600 20 2315
600 600 20 2387
600 600 20 2297
600 600 20 2357
600 600 20 2320
600 600 20 2328
600 600 20 2327
600 600 20 2311
600 600 20 2301
600 600 20 2316
600 600 20 2322
600 600 20 2327
600 600 20 2317
600 600 20 2313
600 600 20 2297
600 600 20 2310
600 600 20 2298
600 600 20 2313
600 600 20 2328
600 600 20 2322
600 600 20 2343
600 600 20 2290
600 600 20 2313
600 600 30 2028
600 600 30 2035
600 600 30 2076
600 600 30 2048
600 600 30 2032
600 600 30 2053
600 600 30 2039
600 600 30 2055
600 600 30 2064
600 600 30 2033
600 600 30 2039
600 600 30 2062
600 600 30 2053
600 600 30 2034
600 600 30 2038
600 600 30 2058
600 600 30 2055
600 600 30 2049
600 600 30 2089
600 600 30 2053
600 600 30 2087
600 600 30 2045
600 600 30 2064
600 600 30 2068
600 600 30 2033
600 600 30 2074
600 600 30 2050
600 600 30 2051
600 600 30 2068
600 600 30 2044
600 600 30 2094
600 600 30 2077
600 600 30 2069
600 600 30 2068
600 600 30 2168
600 600 30 2066
600 600 30 2102
600 600 30 2106
600 600 30 2087
600 600 30 2108
600 600 30 2071
600 600 30 2043
600 600 30 2063
600 600 30 2059
600 600 30 2074
600 600 30 2206
600 600 30 2069
600 600 30 2067
600 600 30 2059
600 600 30 2040
600 600 40 1767
600 600 40 1785
600 600 40 1765
600 600 40 1783
600 600 40 1786
600 600 40 1760
600 600 40 1761
600 600 40 1760
600 600 40 1782
600 600 40 1791
600 600 40 1792
600 600 40 1764
600 600 40 1787
600 600 40 1766
600 600 40 1764
600 600 40 1804
600 600 40 1767
600 600 40 1762
600 600 40 1798
600 600 40 1765
600 600 40 1793
600 600 40 1761
600 600 40 1804
600 600 40 1783
600 600 40 1767
600 600 40 1785
600 600 40 1795
600 600 40 1760
600 600 40 1787
600 600 40 1779
600 600 40 1797
600 600 40 1784
600 600 40 1762
600 600 40 1777
600 600 40 1810
600 600 40 1803
600 600 40 1785
600 600 40 1779
600 600 40 1798
600 600 40 1785
600 600 40 1793
600 600 40 1775
600 600 40 1810
600 600 40 1790
600 600 40 1763
600 600 40 1793
600 600 40 1754
600 600 40 1765
600 600 40 1773
600 600 40 1780
600 600 50 1755
600 600 50 1791
600 600 50 1781
600 600 50 1766
600 600 50 1780
600 600 50 1763
600 600 50 1783
600 600 50 1755
600 600 50 1816
600 600 50 1777
600 600 50 1767
600 600 50 1774
600 600 50 1806
600 600 50 1778
600 600 50 1817
600 600 50 1770
600 600 50 1759
600 600 50 1785
600 600 50 1761
600 600 50 1761
600 600 50 1781
600 600 50 1782
600 600 50 1765
600 600 50 1788
600 600 50 1759
600 600 50 1770
600 600 50 1753
600 600 50 1783
600 600 50 1794
600 600 50 1783
600 600 50 1791
600 600 50 1802
600 600 50 1766
600 600 50 1784
600 600 50 1765
600 600 50 1771
600 600 50 1792
600 600 50 1765
600 600 50 1844
600 600 50 1767
600 600 50 1767
600 600 50 1810
600 600 50 1759
600 600 50 1761
600 600 50 1783
600 600 50 1761
600 600 50 1772
600 600 50 1782
600 600 50 1795
600 600 50 1762
600 600 60 971
600 600 60 813
600 600 60 822
600 600 60 849
600 600 60 829
600 600 60 833
600 600 60 827
600 600 60 829
600 600 60 822
600 600 60 834
600 600 60 825
600 600 60 834
600 600 60 841
600 600 60 812
600 600 60 820
600 600 60 826
600 600 60 804
600 600 60 807
600 600 60 840
600 600 60 824
600 600 60 822
600 600 60 815
600 600 60 814
600 600 60 840
600 600 60 813
600 600 60 812
600 600 60 819
600 600 60 837
600 600 60 847
600 600 60 812
600 600 60 814
600 600 60 812
600 600 60 812
600 600 60 835
600 600 60 828
600 600 60 840
600 600 60 825
600 600 60 816
600 600 60 821
600 600 60 815
600 600 60 813
600 600 60 841
600 600 60 840
600 600 60 841
600 600 60 806
600 600 60 825
600 600 60 813
600 600 60 897
600 600 60 811
600 600 60 820
600 600 70 811
600 600 70 810
600 600 70 814
600 600 70 821
600 600 70 834
600 600 70 811
600 600 70 823
600 600 70 827
600 600 70 825
600 600 70 859
600 600 70 851
600 600 70 833
600 600 70 809
600 600 70 810
600 600 70 833
600 600 70 823
600 600 70 820
600 600 70 840
600 600 70 812
600 600 70 810
600 600 70 820
600 600 70 810
600 600 70 856
600 600 70 836
600 600 70 839
600 600 70 810
600 600 70 840
600 600 70 809
600 600 70 821
600 600 70 834
600 600 70 825
600 600 70 836
600 600 70 797
600 600 70 839
600 600 70 815
600 600 70 825
600 600 70 815
600 600 70 854
600 600 70 833
600 600 70 820
600 600 70 814
600 600 70 829
600 600 70 822
600 600 70 829
600 600 70 836
600 600 70 839
600 600 70 853
600 600 70 823
600 600 70 807
600 600 70 827
600 600 80 829
600 600 80 815
600 600 80 817
600 600 80 827
600 600 80 912
600 600 80 835
600 600 80 815
600 600 80 814
600 600 80 824
600 600 80 826
600 600 80 817
600 600 80 808
600 600 80 813
600 600 80 834
600 600 80 814
600 600 80 829
600 600 80 847
600 600 80 828
600 600 80 843
600 600 80 816
600 600 80 805
600 600 80 849
600 600 80 824
600 600 80 854
600 600 80 847
600 600 80 847
600 600 80 868
600 600 80 816
600 600 80 831
600 600 80 827
600 600 80 877
600 600 80 846
600 600 80 829
600 600 80 815
600 600 80 843
600 600 80 866
600 600 80 844
600 600 80 821
600 600 80 824
600 600 80 857
600 600 80 841
600 600 80 843
600 600 80 809
600 600 80 833
600 600 80 862
600 600 80 839
600 600 80 844
600 600 80 819
600 600 80 844
600 600 80 851
600 600 90 846
600 600 90 823
600 600 90 846
600 600 90 822
600 600 90 862
600 600 90 830
600 600 90 830
600 600 90 849
600 600 90 844
600 600 90 823
600 600 90 860
600 600 90 850
600 600 90 828
600 600 90 828
600 600 90 821
600 600 90 849
600 600 90 1024
600 600 90 865
600 600 90 868
600 600 90 862
600 600 90 832
600 600 90 839
600 600 90 816
600 600 90 816
600 600 90 865
600 600 90 848
600 600 90 834
600 600 90 861
600 600 90 861
600 600 90 827
600 600 90 1084
600 600 90 821
600 600 90 807
600 600 90 836
600 600 90 827
600 600 90 835
600 600 90 826
600 600 90 850
600 600 90 822
600 600 90 838
600 600 90 817
600 600 90 842
600 600 90 846
600 600 90 848
600 600 90 853
600 600 90 830
600 600 90 825
600 600 90 815
600 600 90 843
600 600 90 876
600 600 100 814
600 600 100 861
600 600 100 855
600 600 100 857
600 600 100 835
600 600 100 837
600 600 100 841
600 600 100 838
600 600 100 804
600 600 100 836
600 600 100 860
600 600 100 837
600 600 100 830
600 600 100 815
600 600 100 815
600 600 100 842
600 600 100 826
600 600 100 826
600 600 100 876
600 600 100 841
600 600 100 830
600 600 100 808
600 600 100 832
600 600 100 814
600 600 100 833
600 600 100 837
600 600 100 853
600 600 100 1199
600 600 100 862
600 600 100 865
600 600 100 855
600 600 100 839
600 600 100 828
600 600 100 815
600 600 100 832
600 600 100 843
600 600 100 823
600 600 100 815
600 600 100 831
600 600 100 838
600 600 100 1153
600 600 100 877
600 600 100 837
600 600 100 817
600 600 100 824
600 600 100 855
600 600 100 866
600 600 100 822
600 600 100 836
600 600 100 835
800 800 0 9301
800 800 0 9297
800 800 0 9645
800 800 0 9410
800 800 0 9320
800 800 0 9469
800 800 0 9370
800 800 0 9570
800 800 0 9349
800 800 0 9303
800 800 0 9316
800 800 0 9493
800 800 0 9411
800 800 0 9329
800 800 0 9700
800 800 0 9331
800 800 0 9368
800 800 0 9331
800 800 0 9289
800 800 0 9312
800 800 0 9349
800 800 0 9611
800 800 0 9282
800 800 0 9314
800 800 0 9377
800 800 0 9345
800 800 0 9294
800 800 0 9331
800 800 0 9320
800 800 0 9310
800 800 0 9309
800 800 0 9298
800 800 0 9303
800 800 0 9290
800 800 0 9331
800 800 0 9289
800 800 0 9319
800 800 0 9321
800 800 0 9362
800 800 0 9309
800 800 0 9338
800 800 0 9384
800 800 0 9343
800 800 0 9412
800 800 0 9320
800 800 0 9279
800 800 0 9355
800 800 0 9351
800 800 0 10845
800 800 0 9331
800 800 10 8626
800 800 10 8797
800 800 10 8657
800 800 10 8697
800 800 10 8800
800 800 10 8567
800 800 10 8620
800 800 10 8612
800 800 10 8558
800 800 10 9185
800 800 10 8592
800 800 10 8989
800 800 10 8694
800 800 10 8596
800 800 10 8653
800 800 10 8556
800 800 10 8594
800 800 10 8622
800 800 10 8586
800 800 10 8584
800 800 10 8585
800 800 10 8604
800 800 10 8686
800 800 10 8579
800 800 10 8618
800 800 10 8604
800 800 10 8557
800 800 10 8623
800 800 10 8621
800 800 10 8730
800 800 10 8614
800 800 10 8602
800 800 10 8616
800 800 10 8575
800 800 10 8564
800 800 10 8566
800 800 10 8727
800 800 10 8554
800 800 10 8575
800 800 10 8594
800 800 10 8593
800 800 10 8606
800 800 10 8579
800 800 10 8613
800 800 10 8647
800 800 10 8920
800 800 10 8619
800 800 10 8617
800 800 10 8619
800 800 10 8580
800 800 20 7821
800 800 20 7840
800 800 20 7809
800 800 20 7785
800 800 20 7896
800 800 20 7809
800 800 20 7864
800 800 20 7850
800 800 20 7832
800 800 20 7834
800 800 20 7823
800 800 20 7796
800 800 20 7784
800 800 20 7885
800 800 20 7823
800 800 20 7868
800 800 20 7857
800 800 20 7796
800 800 20 7845
800 800 20 7835
800 800 20 7846
800 800 20 8164
800 800 20 7824
800 800 20 7830
800 800 20 7792
800 800 20 7784
800 800 20 8400
800 800 20 8343
800 800 20 8409
800 800 20 7780
800 800 20 7853
800 800 20 7961
800 800 20 8005
800 800 20 7824
800 800 20 8164
800 800 20 7963
800 800 20 7994
800 800 20 8098
800 800 20 9441
800 800 20 7828
800 800 20 7895
800 800 20 8200
800 800 20 7775
800 800 20 7838
800 800 20 7827
800 800 20 10271
800 800 20 8041
800 800 20 7848
800 800 20 7823
800 800 20 7798
800 800 30 6761
800 800 30 7633
800 800 30 6814
800 800 30 6939
800 800 30 6755
800 800 30 6961
800 800 30 6764
800 800 30 6770
800 800 30 6937
800 800 30 7082
800 800 30 7819
800 800 30 6869
800 800 30 6987
800 800 30 7052
800 800 30 7034
800 800 30 6754
800 800 30 6775
800 800 30 6922
800 800 30 6718
800 800 30 6762
800 800 30 6774
800 800 30 6770
800 800 30 6712
800 800 30 7209
800 800 30 6769
800 800 30 6766
800 800 30 6822
800 800 30 6736
800 800 30 6767
800 800 30 6816
800 800 30 6985
800 800 30 6816
800 800 30 6770
800 800 30 6791
800 800 30 6835
800 800 30 6785
800 800 30 7002
800 800 30 6750
800 800 30 6755
800 800 30 6809
800 800 30 6927
800 800 30 6757
800 800 30 6840
800 800 30 6758
800 800 30 6830
800 800 30 6751
800 800 30 6806
800 800 30 6752
800 800 30 6778
800 800 30 6847
800 800 40 5507
800 800 40 5589
800 800 40 5642
800 800 40 5658
800 800 40 5509
800 800 40 5568
800 800 40 5590
800 800 40 5512
800 800 40 5475
800 800 40 5560
800 800 40 5525
800 800 40 5495
800 800 40 5535
800 800 40 5495
800 800 40 5530
800 800 40 5488
800 800 40 5467
800 800 40 5606
800 800 40 5667
800 800 40 5468
800 800 40 9132
800 800 40 5536
800 800 40 5631
800 800 40 5505
800 800 40 5545
800 800 40 5627
800 800 40 5527
800 800 40 5574
800 800 40 5881
800 800 40 5928
800 800 40 5532
800 800 40 5656
800 800 40 5504
800 800 40 5650
800 800 40 5856
800 800 40 5552
800 800 40 5581
800 800 40 5521
800 800 40 5710
800 800 40 5939
800 800 40 5517
800 800 40 5500
800 800 40 5541
800 800 40 5499
800 800 40 5654
800 800 40 5518
800 800 40 5730
800 800 40 5480
800 800 40 5562
800 800 40 10252
800 800 50 5546
800 800 50 5518
800 800 50 5536
800 800 50 5489
800 800 50 5496
800 800 50 5523
800 800 50 5725
800 800 50 5644
800 800 50 5580
800 800 50 6862
800 800 50 5767
800 800 50 5506
800 800 50 5514
800 800 50 5485
800 800 50 5499
800 800 50 5539
800 800 50 5729
800 800 50 5500
800 800 50 5474
800 800 50 5472
800 800 50 5512
800 800 50 5811
800 800 50 5570
800 800 50 5484
800 800 50 5467
800 800 50 5515
800 800 50 5621
800 800 50 5569
800 800 50 5758
800 800 50 5481
800 800 50 7314
800 800 50 5464
800 800 50 5866
800 800 50 5590
800 800 50 5529
800 800 50 5769
800 800 50 5665
800 800 50 5492
800 800 50 5525
800 800 50 5503
800 800 50 5807
800 800 50 5692
800 800 50 5476
800 800 50 5658
800 800 50 5673
800 800 50 5545
800 800 50 5564
800 800 50 5710
800 800 50 5635
800 800 50 5589
800 800 60 1486
800 800 60 1542
800 800 60 1729
800 800 60 1510
800 800 60 1514
800 800 60 1452
800 800 60 1492
800 800 60 1448
800 800 60 1636
800 800 60 1472
800 800 60 1459
800 800 60 1449
800 800 60 1475
800 800 60 1503
800 800 60 1468
800 800 60 1565
800 800 60 1464
800 800 60 1455
800 800 60 1476
800 800 60 1462
800 800 60 1451
800 800 60 1479
800 800 60 1487
800 800 60 1510
800 800 60 1512
800 800 60 1443
800 800 60 1482
800 800 60 1551
800 800 60 1484
800 800 60 1454
800 800 60 1502
800 800 60 1464
800 800 60 1469
800 800 60 1540
800 800 60 1479
800 800 60 1472
800 800 60 1458
800 800 60 1452
800 800 60 1485
800 800 60 1556
800 800 60 1484
800 800 60 1542
800 800 60 1467
800 800 60 1470
800 800 60 1511
800 800 60 1519
800 800 60 1501
800 800 60 1494
800 800 60 1490
800 800 60 1517
800 800 70 1453
800 800 70 1453
800 800 70 1486
800 800 70 1437
800 800 70 1453
800 800 70 1483
800 800 70 1460
800 800 70 1504
800 800 70 1489
800 800 70 1497
800 800 70 1473
800 800 70 1450
800 800 70 1441
800 800 70 1455
800 800 70 1485
800 800 70 1452
800 800 70 1443
800 800 70 1469
800 800 70 1517
800 800 70 1441
800 800 70 1540
800 800 70 1468
800 800 70 1474
800 800 70 1461
800 800 70 1462
800 800 70 1451
800 800 70 1442
800 800 70 1479
800 800 70 1466
800 800 70 1456
800 800 70 1446
800 800 70 1482
800 800 70 1468
800 800 70 1449
800 800 70 1487
800 800 70 1463
800 800 70 1529
800 800 70 1451
800 800 70 1459
800 800 70 1493
800 800 70 1460
800 800 70 1504
800 800 70 1527
800 800 70 1481
800 800 70 1458
800 800 70 1465
800 800 70 1478
800 800 70 1454
800 800 70 1476
800 800 70 1490
800 800 80 1495
800 800 80 1453
800 800 80 1441
800 800 80 1496
800 800 80 1460
800 800 80 1451
800 800 80 1477
800 800 80 1455
800 800 80 1452
800 800 80 1482
800 800 80 1510
800 800 80 1476
800 800 80 1535
800 800 80 1634
800 800 80 1460
800 800 80 1463
800 800 80 1444
800 800 80 1472
800 800 80 1443
800 800 80 1478
800 800 80 1481
800 800 80 1467
800 800 80 1454
800 800 80 1504
800 800 80 1482
800 800 80 1521
800 800 80 1474
800 800 80 1484
800 800 80 1461
800 800 80 1470
800 800 80 1484
800 800 80 1483
800 800 80 1521
800 800 80 1489
800 800 80 1466
800 800 80 1470
800 800 80 1448
800 800 80 1518
800 800 80 1522
800 800 80 1484
800 800 80 1444
800 800 80 1465
800 800 80 1455
800 800 80 1492
800 800 80 1462
800 800 80 1480
800 800 80 1508
800 800 80 1460
800 800 80 1474
800 800 80 1472
800 800 90 1458
800 800 90 1469
800 800 90 1492
800 800 90 1490
800 800 90 1503
800 800 90 1462
800 800 90 1506
800 800 90 1457
800 800 90 1469
800 800 90 1453
800 800 90 1485
800 800 90 1441
800 800 90 1447
800 800 90 1470
800 800 90 1471
800 800 90 1492
800 800 90 1469
800 800 90 1460
800 800 90 1472
800 800 90 1454
800 800 90 1478
800 800 90 1486
800 800 90 1474
800 800 90 1470
800 800 90 1461
800 800 90 1490
800 800 90 1439
800 800 90 1463
800 800 90 1484
800 800 90 1475
800 800 90 1436
800 800 90 1455
800 800 90 1475
800 800 90 1485
800 800 90 1481
800 800 90 1479
800 800 90 1477
800 800 90 1471
800 800 90 1532
800 800 90 1501
800 800 90 1474
800 800 90 1452
800 800 90 1487
800 800 90 1475
800 800 90 1493
800 800 90 1520
800 800 90 1462
800 800 90 1511
800 800 90 1494
800 800 90 1449
800 800 100 1445
800 800 100 1518
800 800 100 1461
800 800 100 1493
800 800 100 1503
800 800 100 1467
800 800 100 1469
800 800 100 1499
800 800 100 1456
800 800 100 1487
800 800 100 1490
800 800 100 1455
800 800 100 1858
800 800 100 1497
800 800 100 1482
800 800 100 1489
800 800 100 1496
800 800 100 1470
800 800 100 1449
800 800 100 1458
800 800 100 1448
800 800 100 1464
800 800 100 1459
800 800 100 1477
800 800 100 1478
800 800 100 1509
800 800 100 1465
800 800 100 1454
800 800 100 1456
800 800 100 1458
800 800 100 1481
800 800 100 1513
800 800 100 1668
800 800 100 1462
800 800 100 1464
800 800 100 1462
800 800 100 1435
800 800 100 1487
800 800 100 2318
800 800 100 1476
800 800 100 1478
800 800 100 1492
800 800 100 1512
800 800 100 1453
800 800 100 1448
800 800 100 1473
800 800 100 1443
800 800 100 1457
800 800 100 1445
800 800 100 1482
1000 1000 0 18950
1000 1000 0 18901
1000 1000 0 19092
1000 1000 0 18860
1000 1000 0 18946
1000 1000 0 18884
1000 1000 0 18855
1000 1000 0 19078
1000 1000 0 18888
1000 1000 0 18863
1000 1000 0 18844
1000 1000 0 18932
1000 1000 0 18947
1000 1000 0 18917
1000 1000 0 18853
1000 1000 0 18866
1000 1000 0 18930
1000 1000 0 18880
1000 1000 0 18886
1000 1000 0 18938
1000 1000 0 18963
1000 1000 0 18907
1000 1000 0 18837
1000 1000 0 18886
1000 1000 0 18918
1000 1000 0 18871
1000 1000 0 18839
1000 1000 0 19256
1000 1000 0 18963
1000 1000 0 18944
1000 1000 0 18818
1000 1000 0 18832
1000 1000 0 18887
1000 1000 0 18997
1000 1000 0 18890
1000 1000 0 18899
1000 1000 0 18963
1000 1000 0 18905
1000 1000 0 18810
1000 1000 0 18841
1000 1000 0 18900
1000 1000 0 18848
1000 1000 0 18937
1000 1000 0 19422
1000 1000 0 18857
1000 1000 0 18912
1000 1000 0 19006
1000 1000 0 19100
1000 1000 0 18852
1000 1000 0 18942
1000 1000 10 17308
1000 1000 10 17342
1000 1000 10 17340
1000 1000 10 17293
1000 1000 10 17217
1000 1000 10 17352
1000 1000 10 17386
1000 1000 10 17398
1000 1000 10 17318
1000 1000 10 17361
1000 1000 10 17250
1000 1000 10 17302
1000 1000 10 17422
1000 1000 10 17390
1000 1000 10 17312
1000 1000 10 17314
1000 1000 10 17540
1000 1000 10 17260
1000 1000 10 17322
1000 1000 10 17304
1000 1000 10 17276
1000 1000 10 17293
1000 1000 10 17305
1000 1000 10 17328
1000 1000 10 17359
1000 1000 10 17246
1000 1000 10 17380
1000 1000 10 17387
1000 1000 10 17279
1000 1000 10 17320
1000 1000 10 17343
1000 1000 10 17300
1000 1000 10 17283
1000 1000 10 17273
1000 1000 10 17339
1000 1000 10 17337
1000 1000 10 17347
1000 1000 10 17378
1000 1000 10 17500
1000 1000 10 17772
1000 1000 10 17747
1000 1000 10 17293
1000 1000 10 17253
1000 1000 10 17258
1000 1000 10 17339
1000 1000 10 17297
1000 1000 10 17246
1000 1000 10 17343
1000 1000 10 17230
1000 1000 10 17241
1000 1000 20 15748
1000 1000 20 15685
1000 1000 20 15610
1000 1000 20 15727
1000 1000 20 15748
1000 1000 20 15767
1000 1000 20 15708
1000 1000 20 15746
1000 1000 20 15938
1000 1000 20 15610
1000 1000 20 16401
1000 1000 20 15799
1000 1000 20 15678
1000 1000 20 15739
1000 1000 20 16210
1000 1000 20 15773
1000 1000 20 15668
1000 1000 20 16746
1000 1000 20 15705
1000 1000 20 15627
1000 1000 20 15671
1000 1000 20 15637
1000 1000 20 15701
1000 1000 20 15649
1000 1000 20 15688
1000 1000 20 15721
1000 1000 20 15636
1000 1000 20 15607
1000 1000 20 15671
1000 1000 20 15739
1000 1000 20 15683
1000 1000 20 15653
1000 1000 20 15601
1000 1000 20 16084
1000 1000 20 15667
1000 1000 20 15709
1000 1000 20 15646
1000 1000 20 16356
1000 1000 20 15728
1000 1000 20 15675
1000 1000 20 15624
1000 1000 20 15682
1000 1000 20 15624
1000 1000 20 16161
1000 1000 20 16032
1000 1000 20 15774
1000 1000 20 15692
1000 1000 20 15709
1000 1000 20 15663
1000 1000 20 16262
1000 1000 30 13553
1000 1000 30 13481
1000 1000 30 13698
1000 1000 30 13509
1000 1000 30 13798
1000 1000 30 13480
1000 1000 30 13774
1000 1000 30 13414
1000 1000 30 13425
1000 1000 30 13845
1000 1000 30 13470
1000 1000 30 13488
1000 1000 30 13545
1000 1000 30 13477
1000 1000 30 13574
1000 1000 30 13384
1000 1000 30 13383
1000 1000 30 13369
1000 1000 30 13412
1000 1000 30 13853
1000 1000 30 13391
1000 1000 30 13389
1000 1000 30 13917
1000 1000 30 13714
1000 1000 30 13563
1000 1000 30 13427
1000 1000 30 13501
1000 1000 30 13526
1000 1000 30 13436
1000 1000 30 13875
1000 1000 30 13548
1000 1000 30 13504
1000 1000 30 15427
1000 1000 30 13520
1000 1000 30 13477
1000 1000 30 13467
1000 1000 30 13461
1000 1000 30 13410
1000 1000 30 13457
1000 1000 30 13488
1000 1000 30 13427
1000 1000 30 13442
1000 1000 30 13420
1000 1000 30 13406
1000 1000 30 13554
1000 1000 30 13487
1000 1000 30 13829
1000 1000 30 13483
1000 1000 30 13705
1000 1000 30 13810
1000 1000 40 10794
1000 1000 40 11043
1000 1000 40 10835
1000 1000 40 10727
1000 1000 40 10853
1000 1000 40 10704
1000 1000 40 10722
1000 1000 40 10944
1000 1000 40 10798
1000 1000 40 10787
1000 1000 40 10740
1000 1000 40 10951
1000 1000 40 10735
1000 1000 40 11006
1000 1000 40 10806
1000 1000 40 10857
1000 1000 40 10750
1000 1000 40 11008
1000 1000 40 10900
1000 1000 40 10819
1000 1000 40 10742
1000 1000 40 10754
1000 1000 40 10736
1000 1000 40 11099
1000 1000 40 10811
1000 1000 40 11128
1000 1000 40 10917
1000 1000 40 10816
1000 1000 40 10795
1000 1000 40 10737
1000 1000 40 11044
1000 1000 40 10809
1000 1000 40 10756
1000 1000 40 10808
1000 1000 40 10834
1000 1000 40 10770
1000 1000 40 10759
1000 1000 40 10776
1000 1000 40 10790
1000 1000 40 11059
1000 1000 40 10822
1000 1000 40 10872
1000 1000 40 10717
1000 1000 40 10733
1000 1000 40 11147
1000 1000 40 10701
1000 1000 40 10806
1000 1000 40 10839
1000 1000 40 10822
1000 1000 40 10777
1000 1000 50 10798
1000 1000 50 10882
1000 1000 50 10784
1000 1000 50 10690
1000 1000 50 10718
1000 1000 50 10749
1000 1000 50 11175
1000 1000 50 10907
1000 1000 50 10786
1000 1000 50 10773
1000 1000 50 10821
1000 1000 50 10839
1000 1000 50 10735
1000 1000 50 10744
1000 1000 50 10981
1000 1000 50 10778
1000 1000 50 10804
1000 1000 50 10800
1000 1000 50 10801
1000 1000 50 10734
1000 1000 50 10757
1000 1000 50 10799
1000 1000 50 10785
1000 1000 50 10783
1000 1000 50 10767
1000 1000 50 10796
1000 1000 50 10761
1000 1000 50 10748
1000 1000 50 10937
1000 1000 50 10947
1000 1000 50 10794
1000 1000 50 10769
1000 1000 50 10885
1000 1000 50 10792
1000 1000 50 10767
1000 1000 50 10805
1000 1000 50 10833
1000 1000 50 10773
1000 1000 50 10781
1000 1000 50 10959
1000 1000 50 10949
1000 1000 50 10788
1000 1000 50 10814
1000 1000 50 10885
1000 1000 50 10837
1000 1000 50 10774
1000 1000 50 10823
1000 1000 50 10807
1000 1000 50 10780
1000 1000 50 10779
1000 1000 60 2368
1000 1000 60 2305
1000 1000 60 2295
1000 1000 60 2269
1000 1000 60 2272
1000 1000 60 2304
1000 1000 60 2309
1000 1000 60 2253
1000 1000 60 2330
1000 1000 60 2327
1000 1000 60 2328
1000 1000 60 2307
1000 1000 60 2310
1000 1000 60 2313
1000 1000 60 2337
1000 1000 60 2268
1000 1000 60 2311
1000 1000 60 2339
1000 1000 60 2299
1000 1000 60 2293
1000 1000 60 2280
1000 1000 60 2282
1000 1000 60 2304
1000 1000 60 2295
1000 1000 60 2283
1000 1000 60 2254
1000 1000 60 2316
1000 1000 60 2280
1000 1000 60 2309
1000 1000 60 2290
1000 1000 60 2326
1000 1000 60 2319
1000 1000 60 2270
1000 1000 60 2320
1000 1000 60 2314
1000 1000 60 2305
1000 1000 60 2261
1000 1000 60 2278
1000 1000 60 2279
1000 1000 60 2297
1000 1000 60 2293
1000 1000 60 2347
1000 1000 60 2361
1000 1000 60 2314
1000 1000 60 2283
1000 1000 60 2316
1000 1000 60 2298
1000 1000 60 2325
1000 1000 60 2282
1000 1000 60 2272
1000 1000 70 2287
1000 1000 70 2332
1000 1000 70 2295
1000 1000 70 2294
1000 1000 70 2238
1000 1000 70 2201
1000 1000 70 2387
1000 1000 70 2289
1000 1000 70 2221
1000 1000 70 2238
1000 1000 70 2250
1000 1000 70 2256
1000 1000 70 2292
1000 1000 70 2300
1000 1000 70 2283
1000 1000 70 2303
1000 1000 70 2297
1000 1000 70 2286
1000 1000 70 2400
1000 1000 70 2288
1000 1000 70 2263
1000 1000 70 2335
1000 1000 70 2325
1000 1000 70 2288
1000 1000 70 2268
1000 1000 70 2298
1000 1000 70 2346
1000 1000 70 2282
1000 1000 70 2202
1000 1000 70 2278
1000 1000 70 2266
1000 1000 70 2372
1000 1000 70 2395
1000 1000 70 2353
1000 1000 70 2287
1000 1000 70 2279
1000 1000 70 2299
1000 1000 70 2258
1000 1000 70 2263
1000 1000 70 2276
1000 1000 70 2310
1000 1000 70 2354
1000 1000 70 2392
1000 1000 70 2318
1000 1000 70 2353
1000 1000 70 2296
1000 1000 70 2305
1000 1000 70 2273
1000 1000 70 2225
1000 1000 70 2258
1000 1000 80 2321
1000 1000 80 2280
1000 1000 80 2300
1000 1000 80 2286
1000 1000 80 2315
1000 1000 80 2304
1000 1000 80 2331
1000 1000 80 2302
1000 1000 80 2280
1000 1000 80 2315
1000 1000 80 2267
1000 1000 80 2411
1000 1000 80 2220
1000 1000 80 2357
1000 1000 80 2311
1000 1000 80 2310
1000 1000 80 2297
1000 1000 80 2299
1000 1000 80 2280
1000 1000 80 2337
1000 1000 80 2355
1000 1000 80 2299
1000 1000 80 2334
1000 1000 80 2269
1000 1000 80 2300
1000 1000 80 2283
1000 1000 80 2366
1000 1000 80 2347
1000 1000 80 2308
1000 1000 80 2266
1000 1000 80 2261
1000 1000 80 2295
1000 1000 80 2283
1000 1000 80 2311
1000 1000 80 2343
1000 1000 80 2279
1000 1000 80 2304
1000 1000 80 2270
1000 1000 80 2280
1000 1000 80 2271
1000 1000 80 2263
1000 1000 80 2241
1000 1000 80 2277
1000 1000 80 2271
1000 1000 80 2291
1000 1000 80 2292
1000 1000 80 2365
1000 1000 80 2303
1000 1000 80 2325
1000 1000 80 2272
1000 1000 90 2307
1000 1000 90 2305
1000 1000 90 2317
1000 1000 90 2263
1000 1000 90 2215
1000 1000 90 2343
1000 1000 90 2299
1000 1000 90 2358
1000 1000 90 2285
1000 1000 90 2311
1000 1000 90 2297
1000 1000 90 2286
1000 1000 90 2253
1000 1000 90 2392
1000 1000 90 2283
1000 1000 90 2301
1000 1000 90 2288
1000 1000 90 2297
1000 1000 90 2329
1000 1000 90 2266
1000 1000 90 3659
1000 1000 90 2304
1000 1000 90 2333
1000 1000 90 2335
1000 1000 90 2328
1000 1000 90 2305
1000 1000 90 2317
1000 1000 90 2304
1000 1000 90 2282
1000 1000 90 2328
1000 1000 90 2499
1000 1000 90 2290
1000 1000 90 2381
1000 1000 90 2283
1000 1000 90 2274
1000 1000 90 2271
1000 1000 90 2264
1000 1000 90 2280
1000 1000 90 2262
1000 1000 90 2279
1000 1000 90 2471
1000 1000 90 2289
1000 1000 90 2333
1000 1000 90 2247
1000 1000 90 2244
1000 1000 90 2288
1000 1000 90 2282
1000 1000 90 2346
1000 1000 90 2383
1000 1000 90 2251
1000 1000 100 2274
1000 1000 100 2316
1000 1000 100 2272
1000 1000 100 2369
1000 1000 100 2447
1000 1000 100 2326
1000 1000 100 2264
1000 1000 100 2314
1000 1000 100 2295
1000 1000 100 2308
1000 1000 100 2321
1000 1000 100 2316
1000 1000 100 2313
1000 1000 100 2287
1000 1000 100 2306
1000 1000 100 2389
1000 1000 100 2347
1000 1000 100 2285
1000 1000 100 2324
1000 1000 100 2285
1000 1000 100 2341
1000 1000 100 2281
1000 1000 100 2321
1000 1000 100 2318
1000 1000 100 2376
1000 1000 100 2337
1000 1000 100 2461
1000 1000 100 2325
1000 1000 100 2321
1000 1000 100 2294
1000 1000 100 2332
1000 1000 100 2300
1000 1000 100 2359
1000 1000 100 2354
1000 1000 100 2278
1000 1000 100 2442
1000 1000 100 2271
1000 1000 100 2422
1000 1000 100 2272
1000 1000 100 2296
1000 1000 100 2312
1000 1000 100 2326
1000 1000 100 2279
1000 1000 100 2293
1000 1000 100 2287
1000 1000 100 2279
1000 1000 100 2373
1000 1000 100 2427
1000 1000 100 2294
1000 1000 100 2340
